 73.000000 97.000000
80.000000 116.000000
75.000000 117.000000
70.000000 98.000000
 -111111.000000 -111111.000000
 70.000000 98.000000
75.000000 117.000000
70.000000 119.000000
66.000000 99.000000
 -111111.000000 -111111.000000
 66.000000 99.000000
70.000000 119.000000
65.000000 119.000000
63.000000 99.000000
 -111111.000000 -111111.000000
 63.000000 99.000000
65.000000 119.000000
60.000000 120.000000
60.000000 100.000000
 -111111.000000 -111111.000000
 60.000000 100.000000
60.000000 120.000000
55.000000 119.000000
57.000000 99.000000
 -111111.000000 -111111.000000
 57.000000 99.000000
55.000000 119.000000
50.000000 119.000000
54.000000 99.000000
 -111111.000000 -111111.000000
 54.000000 99.000000
50.000000 119.000000
45.000000 117.000000
50.000000 98.000000
 -111111.000000 -111111.000000
 50.000000 98.000000
45.000000 117.000000
40.000000 116.000000
47.000000 97.000000
 -111111.000000 -111111.000000
 47.000000 97.000000
40.000000 116.000000
35.000000 114.000000
44.000000 96.000000
 -111111.000000 -111111.000000
 44.000000 96.000000
35.000000 114.000000
30.000000 111.000000
40.000000 94.000000
 -111111.000000 -111111.000000
 40.000000 94.000000
30.000000 111.000000
26.000000 109.000000
38.000000 92.000000
 -111111.000000 -111111.000000
 38.000000 92.000000
26.000000 109.000000
22.000000 105.000000
35.000000 90.000000
 -111111.000000 -111111.000000
 35.000000 90.000000
22.000000 105.000000
18.000000 102.000000
32.000000 88.000000
 -111111.000000 -111111.000000
 32.000000 88.000000
18.000000 102.000000
15.000000 98.000000
30.000000 85.000000
 -111111.000000 -111111.000000
 30.000000 85.000000
15.000000 98.000000
11.000000 94.000000
28.000000 82.000000
 -111111.000000 -111111.000000
 28.000000 82.000000
11.000000 94.000000
9.000000 90.000000
26.000000 80.000000
 -111111.000000 -111111.000000
 26.000000 80.000000
9.000000 90.000000
6.000000 85.000000
24.000000 76.000000
 -111111.000000 -111111.000000
 24.000000 76.000000
6.000000 85.000000
4.000000 80.000000
23.000000 73.000000
 -111111.000000 -111111.000000
 23.000000 73.000000
4.000000 80.000000
3.000000 75.000000
22.000000 70.000000
 -111111.000000 -111111.000000
 22.000000 70.000000
3.000000 75.000000
1.000000 70.000000
21.000000 66.000000
 -111111.000000 -111111.000000
 21.000000 66.000000
1.000000 70.000000
1.000000 65.000000
21.000000 63.000000
 -111111.000000 -111111.000000
 21.000000 63.000000
1.000000 65.000000
0.000000 60.000000
20.000000 60.000000
 -111111.000000 -111111.000000
 20.000000 60.000000
0.000000 60.000000
1.000000 55.000000
21.000000 57.000000
 -111111.000000 -111111.000000
 21.000000 57.000000
1.000000 55.000000
1.000000 50.000000
21.000000 54.000000
 -111111.000000 -111111.000000
 21.000000 54.000000
1.000000 50.000000
3.000000 45.000000
22.000000 50.000000
 -111111.000000 -111111.000000
 22.000000 50.000000
3.000000 45.000000
4.000000 40.000000
23.000000 47.000000
 -111111.000000 -111111.000000
 23.000000 47.000000
4.000000 40.000000
6.000000 35.000000
24.000000 44.000000
 -111111.000000 -111111.000000
 24.000000 44.000000
6.000000 35.000000
9.000000 30.000000
26.000000 40.000000
 -111111.000000 -111111.000000
 26.000000 40.000000
9.000000 30.000000
11.000000 26.000000
28.000000 38.000000
 -111111.000000 -111111.000000
 28.000000 38.000000
11.000000 26.000000
15.000000 22.000000
30.000000 35.000000
 -111111.000000 -111111.000000
 30.000000 35.000000
15.000000 22.000000
18.000000 18.000000
32.000000 32.000000
 -111111.000000 -111111.000000
 32.000000 32.000000
18.000000 18.000000
22.000000 15.000000
35.000000 30.000000
 -111111.000000 -111111.000000
 35.000000 30.000000
22.000000 15.000000
26.000000 11.000000
38.000000 28.000000
 -111111.000000 -111111.000000
 38.000000 28.000000
26.000000 11.000000
30.000000 9.000000
40.000000 26.000000
 -111111.000000 -111111.000000
 40.000000 26.000000
30.000000 9.000000
35.000000 6.000000
44.000000 24.000000
 -111111.000000 -111111.000000
 44.000000 24.000000
35.000000 6.000000
40.000000 4.000000
47.000000 23.000000
 -111111.000000 -111111.000000
 47.000000 23.000000
40.000000 4.000000
45.000000 3.000000
50.000000 22.000000
 -111111.000000 -111111.000000
 50.000000 22.000000
45.000000 3.000000
50.000000 1.000000
54.000000 21.000000
 -111111.000000 -111111.000000
 54.000000 21.000000
50.000000 1.000000
55.000000 1.000000
57.000000 21.000000
 -111111.000000 -111111.000000
 57.000000 21.000000
55.000000 1.000000
60.000000 0.000000
60.000000 20.000000
 -111111.000000 -111111.000000
 60.000000 20.000000
60.000000 0.000000
65.000000 1.000000
63.000000 21.000000
 -111111.000000 -111111.000000
 63.000000 21.000000
65.000000 1.000000
70.000000 1.000000
66.000000 21.000000
 -111111.000000 -111111.000000
 66.000000 21.000000
70.000000 1.000000
75.000000 3.000000
70.000000 22.000000
 -111111.000000 -111111.000000
 70.000000 22.000000
75.000000 3.000000
80.000000 4.000000
73.000000 23.000000
 -111111.000000 -111111.000000
 73.000000 23.000000
80.000000 4.000000
85.000000 6.000000
76.000000 24.000000
 -111111.000000 -111111.000000
 76.000000 24.000000
85.000000 6.000000
90.000000 9.000000
80.000000 26.000000
 -111111.000000 -111111.000000
 80.000000 26.000000
90.000000 9.000000
94.000000 11.000000
82.000000 28.000000
 -111111.000000 -111111.000000
 82.000000 28.000000
94.000000 11.000000
98.000000 15.000000
85.000000 30.000000
 -111111.000000 -111111.000000
 85.000000 30.000000
98.000000 15.000000
102.000000 18.000000
88.000000 32.000000
 -111111.000000 -111111.000000
 88.000000 32.000000
102.000000 18.000000
105.000000 22.000000
90.000000 35.000000
 -111111.000000 -111111.000000
 90.000000 35.000000
105.000000 22.000000
109.000000 26.000000
92.000000 38.000000
 -111111.000000 -111111.000000
 92.000000 38.000000
109.000000 26.000000
111.000000 30.000000
94.000000 40.000000
 -111111.000000 -111111.000000
 94.000000 40.000000
111.000000 30.000000
114.000000 35.000000
96.000000 44.000000
 -111111.000000 -111111.000000
 96.000000 44.000000
114.000000 35.000000
116.000000 40.000000
97.000000 47.000000
 -111111.000000 -111111.000000
 97.000000 47.000000
116.000000 40.000000
117.000000 45.000000
98.000000 50.000000
 -111111.000000 -111111.000000
 98.000000 50.000000
117.000000 45.000000
119.000000 50.000000
99.000000 54.000000
 -111111.000000 -111111.000000
 99.000000 54.000000
119.000000 50.000000
119.000000 55.000000
99.000000 57.000000
 -111111.000000 -111111.000000
 99.000000 57.000000
119.000000 55.000000
120.000000 60.000000
100.000000 60.000000
 -111111.000000 -111111.000000
 64.000000 40.000000
 64.000000 60.000000
 104.000000 60.000000
 104.000000 40.000000
 -111111.000000 -111111.000000
