0 0
0.000000 0.600000
-0.010471 0.599909
-0.020940 0.599635
-0.031402 0.599178
-0.041854 0.598538
-0.052293 0.597717
-0.062717 0.596713
-0.073122 0.595528
-0.083504 0.594161
-0.093861 0.592613
-0.104189 0.590885
-0.114485 0.588976
-0.124747 0.586889
-0.134971 0.584622
-0.145153 0.582177
-0.155291 0.579556
-0.165382 0.576757
-0.175423 0.573783
-0.185410 0.570634
-0.195341 0.567311
-0.205212 0.563816
-0.215021 0.560148
-0.224764 0.556310
-0.234439 0.552303
-0.244042 0.548127
-0.253571 0.543785
-0.263023 0.539276
-0.272394 0.534604
-0.281683 0.529769
-0.290886 0.524772
-0.300000 0.519615
-0.309023 0.514300
-0.317952 0.508829
-0.326783 0.503202
-0.335516 0.497423
-0.344146 0.491491
-0.352671 0.485410
-0.361089 0.479181
-0.369397 0.472806
-0.377592 0.466288
-0.385673 0.459627
-0.393635 0.452826
-0.401478 0.445887
-0.409199 0.438812
-0.416795 0.431604
-0.424264 0.424264
-0.431604 0.416795
-0.438812 0.409199
-0.445887 0.401478
-0.452826 0.393635
-0.459627 0.385673
-0.466288 0.377592
-0.472806 0.369397
-0.479181 0.361089
-0.485410 0.352671
-0.491491 0.344146
-0.497423 0.335516
-0.503202 0.326783
-0.508829 0.317952
-0.514300 0.309023
-0.519615 0.300000
-0.524772 0.290886
-0.529769 0.281683
-0.534604 0.272394
-0.539276 0.263023
-0.543785 0.253571
-0.548127 0.244042
-0.552303 0.234439
-0.556310 0.224764
-0.560148 0.215021
-0.563816 0.205212
-0.567311 0.195341
-0.570634 0.185410
-0.573783 0.175423
-0.576757 0.165382
-0.579556 0.155291
-0.582177 0.145153
-0.584622 0.134971
-0.586889 0.124747
-0.588976 0.114485
-0.590885 0.104189
-0.592613 0.093861
-0.594161 0.083504
-0.595528 0.073122
-0.596713 0.062717
-0.597717 0.052293
-0.598538 0.041854
-0.599178 0.031402
-0.599635 0.020940
-0.599909 0.010471
-0.600000 0.000000
-0.600000 0.000000
