 280.000000 0.000000
 280.000000 40.000000
 320.000000 40.000000
 320.000000 0.000000
 -111111.000000 -111111.000000
 250.000000 0.000000
 250.000000 40.000000
 280.000000 40.000000
 280.000000 0.000000
 -111111.000000 -111111.000000
 220.000000 0.000000
 220.000000 40.000000
 250.000000 40.000000
 250.000000 0.000000
 -111111.000000 -111111.000000
 190.000000 0.000000
 190.000000 40.000000
 220.000000 40.000000
 220.000000 0.000000
 -111111.000000 -111111.000000
 160.000000 0.000000
 160.000000 40.000000
 190.000000 40.000000
 190.000000 0.000000
 -111111.000000 -111111.000000
 130.000000 0.000000
 130.000000 40.000000
 160.000000 40.000000
 160.000000 0.000000
 -111111.000000 -111111.000000
 100.000000 0.000000
 100.000000 40.000000
 130.000000 40.000000
 130.000000 0.000000
 -111111.000000 -111111.000000
 70.000000 0.000000
 70.000000 40.000000
 100.000000 40.000000
 100.000000 0.000000
 -111111.000000 -111111.000000
 40.000000 0.000000
 40.000000 40.000000
 70.000000 40.000000
 70.000000 0.000000
 -111111.000000 -111111.000000
 0.000000 0.000000
 0.000000 40.000000
 40.000000 40.000000
 40.000000 0.000000
 -111111.000000 -111111.000000
 0.000000 40.000000
 0.000000 70.000000
 40.000000 70.000000
 40.000000 40.000000
 -111111.000000 -111111.000000
 0.000000 70.000000
 0.000000 100.000000
 40.000000 100.000000
 40.000000 70.000000
 -111111.000000 -111111.000000
 0.000000 100.000000
 0.000000 130.000000
 40.000000 130.000000
 40.000000 100.000000
 -111111.000000 -111111.000000
 0.000000 130.000000
 0.000000 160.000000
 40.000000 160.000000
 40.000000 130.000000
 -111111.000000 -111111.000000
 0.000000 160.000000
 0.000000 190.000000
 40.000000 190.000000
 40.000000 160.000000
 -111111.000000 -111111.000000
 0.000000 190.000000
 0.000000 220.000000
 40.000000 220.000000
 40.000000 190.000000
 -111111.000000 -111111.000000
 0.000000 220.000000
 0.000000 250.000000
 40.000000 250.000000
 40.000000 220.000000
 -111111.000000 -111111.000000
 0.000000 250.000000
 0.000000 280.000000
 40.000000 280.000000
 40.000000 250.000000
 -111111.000000 -111111.000000
 0.000000 280.000000
 0.000000 320.000000
 40.000000 320.000000
 40.000000 280.000000
 -111111.000000 -111111.000000
 40.000000 280.000000
 40.000000 320.000000
 70.000000 320.000000
 70.000000 280.000000
 -111111.000000 -111111.000000
 70.000000 280.000000
 70.000000 320.000000
 100.000000 320.000000
 100.000000 280.000000
 -111111.000000 -111111.000000
 100.000000 280.000000
 100.000000 320.000000
 130.000000 320.000000
 130.000000 280.000000
 -111111.000000 -111111.000000
 130.000000 280.000000
 130.000000 320.000000
 160.000000 320.000000
 160.000000 280.000000
 -111111.000000 -111111.000000
 160.000000 280.000000
 160.000000 320.000000
 190.000000 320.000000
 190.000000 280.000000
 -111111.000000 -111111.000000
 190.000000 280.000000
 190.000000 320.000000
 220.000000 320.000000
 220.000000 280.000000
 -111111.000000 -111111.000000
 220.000000 280.000000
 220.000000 320.000000
 250.000000 320.000000
 250.000000 280.000000
 -111111.000000 -111111.000000
 250.000000 280.000000
 250.000000 320.000000
 280.000000 320.000000
 280.000000 280.000000
 -111111.000000 -111111.000000
 280.000000 280.000000
 280.000000 320.000000
 320.000000 320.000000
 320.000000 280.000000
 -111111.000000 -111111.000000 280.000000 250.000000
 280.000000 280.000000
 320.000000 280.000000
 320.000000 250.000000
 -111111.000000 -111111.000000
 280.000000 220.000000
 280.000000 250.000000
 320.000000 250.000000
 320.000000 220.000000
 -111111.000000 -111111.000000
 280.000000 190.000000
 280.000000 220.000000
 320.000000 220.000000
 320.000000 190.000000
 -111111.000000 -111111.000000
 280.000000 160.000000
 280.000000 190.000000
 320.000000 190.000000
 320.000000 160.000000
 -111111.000000 -111111.000000
 280.000000 130.000000
 280.000000 160.000000
 320.000000 160.000000
 320.000000 130.000000
 -111111.000000 -111111.000000
 280.000000 100.000000
 280.000000 130.000000
 320.000000 130.000000
 320.000000 100.000000
 -111111.000000 -111111.000000
 280.000000 70.000000
 280.000000 100.000000
 320.000000 100.000000
 320.000000 70.000000
 -111111.000000 -111111.000000
 280.000000 40.000000
 280.000000 70.000000
 320.000000 70.000000
 320.000000 40.000000
 -111111.000000 -111111.000000
