
 8.000000 8.000000
 8.000000 16.000000
 128.000000 16.000000
 128.000000 8.000000
 -111111.000000 -111111.000000
 20.000000 16.000000
 20.000000 116.000000
 36.000000 116.000000
 36.000000 16.000000
 -111111.000000 -111111.000000
 60.000000 16.000000
 60.000000 116.000000
 76.000000 116.000000
 76.000000 16.000000
 -111111.000000 -111111.000000
 
 100.000000 16.000000
 100.000000 116.000000
 116.000000 116.000000
 116.000000 16.000000
 -111111.000000 -111111.000000
 0.000000 0.000000
 8.000000 8.000000
 128.000000 8.000000
 136.000000 0.000000
 -111111.000000 -111111.000000
 8.000000 116.000000
 8.000000 136.000000
 128.000000 136.000000
 128.000000 116.000000
 -111111.000000 -111111.000000
 8.000000 136.000000
 68.000000 176.000000
 128.000000 136.000000
 -111111.000000 -111111.000000
