 0.000000 0.000000
 0.000000 88.000000
 20.000000 88.000000
 20.000000 0.000000
 -111111.000000 -111111.000000
 100.000000 0.000000
 100.000000 88.000000
 120.000000 88.000000
 120.000000 0.000000
 -111111.000000 -111111.000000
 0.000000 40.000000
 0.000000 52.000000
 120.000000 52.000000
 120.000000 40.000000
 -111111.000000 -111111.000000
 -4.000000 -4.000000
 20.000000 -4.000000
 19.000000 -4.000000
 19.000000 -4.000000
 19.000000 -3.000000
 19.000000 -3.000000
 19.000000 -2.000000
 19.000000 -2.000000
 19.000000 -2.000000
 19.000000 -1.000000
 19.000000 -1.000000
 19.000000 0.000000
 19.000000 0.000000
 19.000000 0.000000
 19.000000 1.000000
 19.000000 1.000000
 19.000000 2.000000
 19.000000 2.000000
 18.000000 3.000000
 18.000000 3.000000
 18.000000 3.000000
 18.000000 4.000000
 18.000000 4.000000
 18.000000 4.000000
 18.000000 5.000000
 17.000000 5.000000
 17.000000 6.000000
 17.000000 6.000000
 17.000000 6.000000
 17.000000 7.000000
 16.000000 7.000000
 16.000000 8.000000
 16.000000 8.000000
 16.000000 8.000000
 16.000000 9.000000
 15.000000 9.000000
 15.000000 9.000000
 15.000000 10.000000
 15.000000 10.000000
 14.000000 10.000000
 14.000000 11.000000
 14.000000 11.000000
 14.000000 11.000000
 13.000000 12.000000
 13.000000 12.000000
 13.000000 12.000000
 12.000000 12.000000
 12.000000 13.000000
 12.000000 13.000000
 12.000000 13.000000
 11.000000 14.000000
 11.000000 14.000000
 11.000000 14.000000
 10.000000 14.000000
 10.000000 15.000000
 10.000000 15.000000
 9.000000 15.000000
 9.000000 15.000000
 9.000000 16.000000
 8.000000 16.000000
 8.000000 16.000000
 8.000000 16.000000
 7.000000 16.000000
 7.000000 17.000000
 6.000000 17.000000
 6.000000 17.000000
 6.000000 17.000000
 5.000000 17.000000
 5.000000 18.000000
 4.000000 18.000000
 4.000000 18.000000
 4.000000 18.000000
 3.000000 18.000000
 3.000000 18.000000
 3.000000 18.000000
 2.000000 19.000000
 2.000000 19.000000
 1.000000 19.000000
 1.000000 19.000000
 0.000000 19.000000
 0.000000 19.000000
 0.000000 19.000000
 -1.000000 19.000000
 -1.000000 19.000000
 -2.000000 19.000000
 -2.000000 19.000000
 -2.000000 19.000000
 -3.000000 19.000000
 -3.000000 19.000000
 -4.000000 19.000000
 -4.000000 19.000000
 -4.000000 20.000000
 -4.000000 20.000000
 -111111.000000 -111111.000000
 124.000000 -4.000000
 124.000000 20.000000
 124.000000 19.000000
 124.000000 19.000000
 123.000000 19.000000
 123.000000 19.000000
 122.000000 19.000000
 122.000000 19.000000
 122.000000 19.000000
 121.000000 19.000000
 121.000000 19.000000
 120.000000 19.000000
 120.000000 19.000000
 120.000000 19.000000
 119.000000 19.000000
 119.000000 19.000000
 118.000000 19.000000
 118.000000 19.000000
 117.000000 18.000000
 117.000000 18.000000
 117.000000 18.000000
 116.000000 18.000000
 116.000000 18.000000
 116.000000 18.000000
 115.000000 18.000000
 115.000000 17.000000
 114.000000 17.000000
 114.000000 17.000000
 114.000000 17.000000
 113.000000 17.000000
 113.000000 16.000000
 112.000000 16.000000
 112.000000 16.000000
 112.000000 16.000000
 111.000000 16.000000
 111.000000 15.000000
 111.000000 15.000000
 110.000000 15.000000
 110.000000 15.000000
 110.000000 14.000000
 109.000000 14.000000
 109.000000 14.000000
 109.000000 14.000000
 108.000000 13.000000
 108.000000 13.000000
 108.000000 13.000000
 108.000000 12.000000
 107.000000 12.000000
 107.000000 12.000000
 107.000000 12.000000
 106.000000 11.000000
 106.000000 11.000000
 106.000000 11.000000
 106.000000 10.000000
 105.000000 10.000000
 105.000000 10.000000
 105.000000 9.000000
 105.000000 9.000000
 104.000000 9.000000
 104.000000 8.000000
 104.000000 8.000000
 104.000000 8.000000
 104.000000 7.000000
 103.000000 7.000000
 103.000000 6.000000
 103.000000 6.000000
 103.000000 6.000000
 103.000000 5.000000
 102.000000 5.000000
 102.000000 4.000000
 102.000000 4.000000
 102.000000 4.000000
 102.000000 3.000000
 102.000000 3.000000
 102.000000 3.000000
 101.000000 2.000000
 101.000000 2.000000
 101.000000 1.000000
 101.000000 1.000000
 101.000000 0.000000
 101.000000 0.000000
 101.000000 0.000000
 101.000000 -1.000000
 101.000000 -1.000000
 101.000000 -2.000000
 101.000000 -2.000000
 101.000000 -2.000000
 101.000000 -3.000000
 101.000000 -3.000000
 101.000000 -4.000000
 101.000000 -4.000000
 100.000000 -4.000000
 100.000000 -4.000000
 -111111.000000 -111111.000000
 72.000000 24.000000
 71.000000 24.000000
 71.000000 24.000000
 71.000000 24.000000
 71.000000 24.000000
 71.000000 24.000000
 71.000000 24.000000
 71.000000 24.000000
 71.000000 25.000000
 71.000000 25.000000
 71.000000 25.000000
 71.000000 25.000000
 71.000000 25.000000
 71.000000 25.000000
 71.000000 25.000000
 71.000000 26.000000
 71.000000 26.000000
 71.000000 26.000000
 71.000000 26.000000
 71.000000 26.000000
 71.000000 26.000000
 71.000000 26.000000
 71.000000 26.000000
 71.000000 27.000000
 71.000000 27.000000
 71.000000 27.000000
 71.000000 27.000000
 71.000000 27.000000
 71.000000 27.000000
 70.000000 27.000000
 70.000000 28.000000
 70.000000 28.000000
 70.000000 28.000000
 70.000000 28.000000
 70.000000 28.000000
 70.000000 28.000000
 70.000000 28.000000
 70.000000 28.000000
 70.000000 28.000000
 70.000000 29.000000
 70.000000 29.000000
 70.000000 29.000000
 69.000000 29.000000
 69.000000 29.000000
 69.000000 29.000000
 69.000000 29.000000
 69.000000 29.000000
 69.000000 29.000000
 69.000000 29.000000
 69.000000 30.000000
 69.000000 30.000000
 69.000000 30.000000
 68.000000 30.000000
 68.000000 30.000000
 68.000000 30.000000
 68.000000 30.000000
 68.000000 30.000000
 68.000000 30.000000
 68.000000 30.000000
 68.000000 30.000000
 68.000000 30.000000
 67.000000 30.000000
 67.000000 31.000000
 67.000000 31.000000
 67.000000 31.000000
 67.000000 31.000000
 67.000000 31.000000
 67.000000 31.000000
 66.000000 31.000000
 66.000000 31.000000
 66.000000 31.000000
 66.000000 31.000000
 66.000000 31.000000
 66.000000 31.000000
 66.000000 31.000000
 66.000000 31.000000
 65.000000 31.000000
 65.000000 31.000000
 65.000000 31.000000
 65.000000 31.000000
 65.000000 31.000000
 65.000000 31.000000
 65.000000 31.000000
 64.000000 31.000000
 64.000000 31.000000
 64.000000 31.000000
 64.000000 31.000000
 64.000000 31.000000
 64.000000 31.000000
 64.000000 31.000000
 64.000000 32.000000
 64.000000 31.000000
 64.000000 31.000000
 64.000000 31.000000
 64.000000 31.000000
 64.000000 31.000000
 64.000000 31.000000
 64.000000 31.000000
 63.000000 31.000000
 63.000000 31.000000
 63.000000 31.000000
 63.000000 31.000000
 63.000000 31.000000
 63.000000 31.000000
 63.000000 31.000000
 62.000000 31.000000
 62.000000 31.000000
 62.000000 31.000000
 62.000000 31.000000
 62.000000 31.000000
 62.000000 31.000000
 62.000000 31.000000
 62.000000 31.000000
 61.000000 31.000000
 61.000000 31.000000
 61.000000 31.000000
 61.000000 31.000000
 61.000000 31.000000
 61.000000 31.000000
 61.000000 30.000000
 60.000000 30.000000
 60.000000 30.000000
 60.000000 30.000000
 60.000000 30.000000
 60.000000 30.000000
 60.000000 30.000000
 60.000000 30.000000
 60.000000 30.000000
 60.000000 30.000000
 59.000000 30.000000
 59.000000 30.000000
 59.000000 30.000000
 59.000000 29.000000
 59.000000 29.000000
 59.000000 29.000000
 59.000000 29.000000
 59.000000 29.000000
 59.000000 29.000000
 59.000000 29.000000
 58.000000 29.000000
 58.000000 29.000000
 58.000000 29.000000
 58.000000 28.000000
 58.000000 28.000000
 58.000000 28.000000
 58.000000 28.000000
 58.000000 28.000000
 58.000000 28.000000
 58.000000 28.000000
 58.000000 28.000000
 58.000000 28.000000
 58.000000 27.000000
 57.000000 27.000000
 57.000000 27.000000
 57.000000 27.000000
 57.000000 27.000000
 57.000000 27.000000
 57.000000 27.000000
 57.000000 26.000000
 57.000000 26.000000
 57.000000 26.000000
 57.000000 26.000000
 57.000000 26.000000
 57.000000 26.000000
 57.000000 26.000000
 57.000000 26.000000
 57.000000 25.000000
 57.000000 25.000000
 57.000000 25.000000
 57.000000 25.000000
 57.000000 25.000000
 57.000000 25.000000
 57.000000 25.000000
 57.000000 24.000000
 57.000000 24.000000
 57.000000 24.000000
 57.000000 24.000000
 57.000000 24.000000
 57.000000 24.000000
 57.000000 24.000000
 56.000000 24.000000
 57.000000 24.000000
 57.000000 24.000000
 57.000000 24.000000
 57.000000 24.000000
 57.000000 24.000000
 57.000000 24.000000
 57.000000 24.000000
 57.000000 23.000000
 57.000000 23.000000
 57.000000 23.000000
 57.000000 23.000000
 57.000000 23.000000
 57.000000 23.000000
 57.000000 23.000000
 57.000000 22.000000
 57.000000 22.000000
 57.000000 22.000000
 57.000000 22.000000
 57.000000 22.000000
 57.000000 22.000000
 57.000000 22.000000
 57.000000 22.000000
 57.000000 21.000000
 57.000000 21.000000
 57.000000 21.000000
 57.000000 21.000000
 57.000000 21.000000
 57.000000 21.000000
 58.000000 21.000000
 58.000000 20.000000
 58.000000 20.000000
 58.000000 20.000000
 58.000000 20.000000
 58.000000 20.000000
 58.000000 20.000000
 58.000000 20.000000
 58.000000 20.000000
 58.000000 20.000000
 58.000000 19.000000
 58.000000 19.000000
 58.000000 19.000000
 59.000000 19.000000
 59.000000 19.000000
 59.000000 19.000000
 59.000000 19.000000
 59.000000 19.000000
 59.000000 19.000000
 59.000000 19.000000
 59.000000 18.000000
 59.000000 18.000000
 59.000000 18.000000
 60.000000 18.000000
 60.000000 18.000000
 60.000000 18.000000
 60.000000 18.000000
 60.000000 18.000000
 60.000000 18.000000
 60.000000 18.000000
 60.000000 18.000000
 60.000000 18.000000
 61.000000 18.000000
 61.000000 17.000000
 61.000000 17.000000
 61.000000 17.000000
 61.000000 17.000000
 61.000000 17.000000
 61.000000 17.000000
 62.000000 17.000000
 62.000000 17.000000
 62.000000 17.000000
 62.000000 17.000000
 62.000000 17.000000
 62.000000 17.000000
 62.000000 17.000000
 62.000000 17.000000
 63.000000 17.000000
 63.000000 17.000000
 63.000000 17.000000
 63.000000 17.000000
 63.000000 17.000000
 63.000000 17.000000
 63.000000 17.000000
 64.000000 17.000000
 64.000000 17.000000
 64.000000 17.000000
 64.000000 17.000000
 64.000000 17.000000
 64.000000 17.000000
 64.000000 17.000000
 64.000000 16.000000
 64.000000 17.000000
 64.000000 17.000000
 64.000000 17.000000
 64.000000 17.000000
 64.000000 17.000000
 64.000000 17.000000
 64.000000 17.000000
 65.000000 17.000000
 65.000000 17.000000
 65.000000 17.000000
 65.000000 17.000000
 65.000000 17.000000
 65.000000 17.000000
 65.000000 17.000000
 66.000000 17.000000
 66.000000 17.000000
 66.000000 17.000000
 66.000000 17.000000
 66.000000 17.000000
 66.000000 17.000000
 66.000000 17.000000
 66.000000 17.000000
 67.000000 17.000000
 67.000000 17.000000
 67.000000 17.000000
 67.000000 17.000000
 67.000000 17.000000
 67.000000 17.000000
 67.000000 18.000000
 68.000000 18.000000
 68.000000 18.000000
 68.000000 18.000000
 68.000000 18.000000
 68.000000 18.000000
 68.000000 18.000000
 68.000000 18.000000
 68.000000 18.000000
 68.000000 18.000000
 69.000000 18.000000
 69.000000 18.000000
 69.000000 18.000000
 69.000000 19.000000
 69.000000 19.000000
 69.000000 19.000000
 69.000000 19.000000
 69.000000 19.000000
 69.000000 19.000000
 69.000000 19.000000
 70.000000 19.000000
 70.000000 19.000000
 70.000000 19.000000
 70.000000 20.000000
 70.000000 20.000000
 70.000000 20.000000
 70.000000 20.000000
 70.000000 20.000000
 70.000000 20.000000
 70.000000 20.000000
 70.000000 20.000000
 70.000000 20.000000
 70.000000 21.000000
 71.000000 21.000000
 71.000000 21.000000
 71.000000 21.000000
 71.000000 21.000000
 71.000000 21.000000
 71.000000 21.000000
 71.000000 22.000000
 71.000000 22.000000
 71.000000 22.000000
 71.000000 22.000000
 71.000000 22.000000
 71.000000 22.000000
 71.000000 22.000000
 71.000000 22.000000
 71.000000 23.000000
 71.000000 23.000000
 71.000000 23.000000
 71.000000 23.000000
 71.000000 23.000000
 71.000000 23.000000
 71.000000 23.000000
 71.000000 24.000000
 71.000000 24.000000
 71.000000 24.000000
 71.000000 24.000000
 71.000000 24.000000
 71.000000 24.000000
 71.000000 24.000000
 72.000000 24.000000
 -111111.000000 -111111.000000
 
 60.000000 12.000000
 60.000000 24.000000
 68.000000 24.000000
 68.000000 12.000000
 -111111.000000 -111111.000000
