 320.000000 0.000000
 319.000000 5.000000
 319.000000 11.000000
 319.000000 16.000000
 319.000000 22.000000
 318.000000 27.000000
 318.000000 33.000000
 317.000000 38.000000
 316.000000 44.000000
 316.000000 50.000000
 315.000000 55.000000
 314.000000 61.000000
 313.000000 66.000000
 311.000000 71.000000
 310.000000 77.000000
 309.000000 82.000000
 307.000000 88.000000
 306.000000 93.000000
 304.000000 98.000000
 302.000000 104.000000
 300.000000 109.000000
 298.000000 114.000000
 296.000000 119.000000
 294.000000 125.000000
 292.000000 130.000000
 290.000000 135.000000
 287.000000 140.000000
 285.000000 145.000000
 282.000000 150.000000
 279.000000 155.000000
 277.000000 160.000000
 274.000000 164.000000
 271.000000 169.000000
 268.000000 174.000000
 265.000000 178.000000
 262.000000 183.000000
 258.000000 188.000000
 255.000000 192.000000
 252.000000 197.000000
 248.000000 201.000000
 245.000000 205.000000
 241.000000 209.000000
 237.000000 214.000000
 234.000000 218.000000
 230.000000 222.000000
 226.000000 226.000000
 222.000000 230.000000
 218.000000 234.000000
 214.000000 237.000000
 209.000000 241.000000
 205.000000 245.000000
 201.000000 248.000000
 197.000000 252.000000
 192.000000 255.000000
 188.000000 258.000000
 183.000000 262.000000
 178.000000 265.000000
 174.000000 268.000000
 169.000000 271.000000
 164.000000 274.000000
 160.000000 277.000000
 155.000000 279.000000
 150.000000 282.000000
 145.000000 285.000000
 140.000000 287.000000
 135.000000 290.000000
 130.000000 292.000000
 125.000000 294.000000
 119.000000 296.000000
 114.000000 298.000000
 109.000000 300.000000
 104.000000 302.000000
 98.000000 304.000000
 93.000000 306.000000
 88.000000 307.000000
 82.000000 309.000000
 77.000000 310.000000
 71.000000 311.000000
 66.000000 313.000000
 61.000000 314.000000
 55.000000 315.000000
 50.000000 316.000000
 44.000000 316.000000
 38.000000 317.000000
 33.000000 318.000000
 27.000000 318.000000
 22.000000 319.000000
 16.000000 319.000000
 11.000000 319.000000
 5.000000 319.000000
 0.000000 320.000000
 -5.000000 319.000000
 -11.000000 319.000000
 -16.000000 319.000000
 -22.000000 319.000000
 -27.000000 318.000000
 -33.000000 318.000000
 -38.000000 317.000000
 -44.000000 316.000000
 -50.000000 316.000000
 -55.000000 315.000000
 -61.000000 314.000000
 -66.000000 313.000000
 -71.000000 311.000000
 -77.000000 310.000000
 -82.000000 309.000000
 -88.000000 307.000000
 -93.000000 306.000000
 -98.000000 304.000000
 -104.000000 302.000000
 -109.000000 300.000000
 -114.000000 298.000000
 -119.000000 296.000000
 -125.000000 294.000000
 -130.000000 292.000000
 -135.000000 290.000000
 -140.000000 287.000000
 -145.000000 285.000000
 -150.000000 282.000000
 -155.000000 279.000000
 -160.000000 277.000000
 -164.000000 274.000000
 -169.000000 271.000000
 -174.000000 268.000000
 -178.000000 265.000000
 -183.000000 262.000000
 -188.000000 258.000000
 -192.000000 255.000000
 -197.000000 252.000000
 -201.000000 248.000000
 -205.000000 245.000000
 -209.000000 241.000000
 -214.000000 237.000000
 -218.000000 234.000000
 -222.000000 230.000000
 -226.000000 226.000000
 -230.000000 222.000000
 -234.000000 218.000000
 -237.000000 214.000000
 -241.000000 209.000000
 -245.000000 205.000000
 -248.000000 201.000000
 -252.000000 197.000000
 -255.000000 192.000000
 -258.000000 188.000000
 -262.000000 183.000000
 -265.000000 178.000000
 -268.000000 174.000000
 -271.000000 169.000000
 -274.000000 164.000000
 -277.000000 160.000000
 -279.000000 155.000000
 -282.000000 150.000000
 -285.000000 145.000000
 -287.000000 140.000000
 -290.000000 135.000000
 -292.000000 130.000000
 -294.000000 125.000000
 -296.000000 119.000000
 -298.000000 114.000000
 -300.000000 109.000000
 -302.000000 104.000000
 -304.000000 98.000000
 -306.000000 93.000000
 -307.000000 88.000000
 -309.000000 82.000000
 -310.000000 77.000000
 -311.000000 71.000000
 -313.000000 66.000000
 -314.000000 61.000000
 -315.000000 55.000000
 -316.000000 50.000000
 -316.000000 44.000000
 -317.000000 38.000000
 -318.000000 33.000000
 -318.000000 27.000000
 -319.000000 22.000000
 -319.000000 16.000000
 -319.000000 11.000000
 -319.000000 5.000000
 -320.000000 0.000000
 -319.000000 -5.000000
 -319.000000 -11.000000
 -319.000000 -16.000000
 -319.000000 -22.000000
 -318.000000 -27.000000
 -318.000000 -33.000000
 -317.000000 -38.000000
 -316.000000 -44.000000
 -316.000000 -50.000000
 -315.000000 -55.000000
 -314.000000 -61.000000
 -313.000000 -66.000000
 -311.000000 -71.000000
 -310.000000 -77.000000
 -309.000000 -82.000000
 -307.000000 -88.000000
 -306.000000 -93.000000
 -304.000000 -98.000000
 -302.000000 -104.000000
 -300.000000 -109.000000
 -298.000000 -114.000000
 -296.000000 -119.000000
 -294.000000 -125.000000
 -292.000000 -130.000000
 -290.000000 -135.000000
 -287.000000 -140.000000
 -285.000000 -145.000000
 -282.000000 -150.000000
 -279.000000 -155.000000
 -277.000000 -160.000000
 -274.000000 -164.000000
 -271.000000 -169.000000
 -268.000000 -174.000000
 -265.000000 -178.000000
 -262.000000 -183.000000
 -258.000000 -188.000000
 -255.000000 -192.000000
 -252.000000 -197.000000
 -248.000000 -201.000000
 -245.000000 -205.000000
 -241.000000 -209.000000
 -237.000000 -214.000000
 -234.000000 -218.000000
 -230.000000 -222.000000
 -226.000000 -226.000000
 -222.000000 -230.000000
 -218.000000 -234.000000
 -214.000000 -237.000000
 -209.000000 -241.000000
 -205.000000 -245.000000
 -201.000000 -248.000000
 -197.000000 -252.000000
 -192.000000 -255.000000
 -188.000000 -258.000000
 -183.000000 -262.000000
 -178.000000 -265.000000
 -174.000000 -268.000000
 -169.000000 -271.000000
 -164.000000 -274.000000
 -160.000000 -277.000000
 -155.000000 -279.000000
 -150.000000 -282.000000
 -145.000000 -285.000000
 -140.000000 -287.000000
 -135.000000 -290.000000
 -130.000000 -292.000000
 -125.000000 -294.000000
 -119.000000 -296.000000
 -114.000000 -298.000000
 -109.000000 -300.000000
 -104.000000 -302.000000
 -98.000000 -304.000000
 -93.000000 -306.000000
 -88.000000 -307.000000
 -82.000000 -309.000000
 -77.000000 -310.000000
 -71.000000 -311.000000
 -66.000000 -313.000000
 -61.000000 -314.000000
 -55.000000 -315.000000
 -50.000000 -316.000000
 -44.000000 -316.000000
 -38.000000 -317.000000
 -33.000000 -318.000000
 -27.000000 -318.000000
 -22.000000 -319.000000
 -16.000000 -319.000000
 -11.000000 -319.000000
 -5.000000 -319.000000
 0.000000 -320.000000
 5.000000 -319.000000
 11.000000 -319.000000
 16.000000 -319.000000
 22.000000 -319.000000
 27.000000 -318.000000
 33.000000 -318.000000
 38.000000 -317.000000
 44.000000 -316.000000
 50.000000 -316.000000
 55.000000 -315.000000
 61.000000 -314.000000
 66.000000 -313.000000
 71.000000 -311.000000
 77.000000 -310.000000
 82.000000 -309.000000
 88.000000 -307.000000
 93.000000 -306.000000
 98.000000 -304.000000
 104.000000 -302.000000
 109.000000 -300.000000
 114.000000 -298.000000
 119.000000 -296.000000
 125.000000 -294.000000
 130.000000 -292.000000
 135.000000 -290.000000
 140.000000 -287.000000
 145.000000 -285.000000
 150.000000 -282.000000
 155.000000 -279.000000
 160.000000 -277.000000
 164.000000 -274.000000
 169.000000 -271.000000
 174.000000 -268.000000
 178.000000 -265.000000
 183.000000 -262.000000
 188.000000 -258.000000
 192.000000 -255.000000
 197.000000 -252.000000
 201.000000 -248.000000
 205.000000 -245.000000
 209.000000 -241.000000
 214.000000 -237.000000
 218.000000 -234.000000
 222.000000 -230.000000
 226.000000 -226.000000
 230.000000 -222.000000
 234.000000 -218.000000
 237.000000 -214.000000
 241.000000 -209.000000
 245.000000 -205.000000
 248.000000 -201.000000
 252.000000 -197.000000
 255.000000 -192.000000
 258.000000 -188.000000
 262.000000 -183.000000
 265.000000 -178.000000
 268.000000 -174.000000
 271.000000 -169.000000
 274.000000 -164.000000
 277.000000 -160.000000
 279.000000 -155.000000
 282.000000 -150.000000
 285.000000 -145.000000
 287.000000 -140.000000
 290.000000 -135.000000
 292.000000 -130.000000
 294.000000 -125.000000
 296.000000 -119.000000
 298.000000 -114.000000
 300.000000 -109.000000
 302.000000 -104.000000
 304.000000 -98.000000
 306.000000 -93.000000
 307.000000 -88.000000
 309.000000 -82.000000
 310.000000 -77.000000
 311.000000 -71.000000
 313.000000 -66.000000
 314.000000 -61.000000
 315.000000 -55.000000
 316.000000 -50.000000
 316.000000 -44.000000
 317.000000 -38.000000
 318.000000 -33.000000
 318.000000 -27.000000
 319.000000 -22.000000
 319.000000 -16.000000
 319.000000 -11.000000
 319.000000 -5.000000
 320.000000 0.000000
 -111111.000000 -111111.000000
