 400.000000 400.000000
 640.000000 400.000000
 639.000000 404.000000
 639.000000 408.000000
 639.000000 412.000000
 639.000000 416.000000
 639.000000 420.000000
 638.000000 425.000000
 638.000000 429.000000
 637.000000 433.000000
 637.000000 437.000000
 636.000000 441.000000
 635.000000 445.000000
 634.000000 449.000000
 633.000000 453.000000
 632.000000 458.000000
 631.000000 462.000000
 630.000000 466.000000
 629.000000 470.000000
 628.000000 474.000000
 626.000000 478.000000
 625.000000 482.000000
 624.000000 486.000000
 622.000000 489.000000
 620.000000 493.000000
 619.000000 497.000000
 617.000000 501.000000
 615.000000 505.000000
 613.000000 508.000000
 611.000000 512.000000
 609.000000 516.000000
 607.000000 520.000000
 605.000000 523.000000
 603.000000 527.000000
 601.000000 530.000000
 598.000000 534.000000
 596.000000 537.000000
 594.000000 541.000000
 591.000000 544.000000
 589.000000 547.000000
 586.000000 551.000000
 583.000000 554.000000
 581.000000 557.000000
 578.000000 560.000000
 575.000000 563.000000
 572.000000 566.000000
 569.000000 569.000000
 566.000000 572.000000
 563.000000 575.000000
 560.000000 578.000000
 557.000000 581.000000
 554.000000 583.000000
 551.000000 586.000000
 547.000000 589.000000
 544.000000 591.000000
 541.000000 594.000000
 537.000000 596.000000
 534.000000 598.000000
 530.000000 601.000000
 527.000000 603.000000
 523.000000 605.000000
 520.000000 607.000000
 516.000000 609.000000
 512.000000 611.000000
 508.000000 613.000000
 505.000000 615.000000
 501.000000 617.000000
 497.000000 619.000000
 493.000000 620.000000
 489.000000 622.000000
 486.000000 624.000000
 482.000000 625.000000
 478.000000 626.000000
 474.000000 628.000000
 470.000000 629.000000
 466.000000 630.000000
 462.000000 631.000000
 458.000000 632.000000
 453.000000 633.000000
 449.000000 634.000000
 445.000000 635.000000
 441.000000 636.000000
 437.000000 637.000000
 433.000000 637.000000
 429.000000 638.000000
 425.000000 638.000000
 420.000000 639.000000
 416.000000 639.000000
 412.000000 639.000000
 408.000000 639.000000
 404.000000 639.000000
 400.000000 640.000000
 396.000000 639.000000
 392.000000 639.000000
 388.000000 639.000000
 384.000000 639.000000
 380.000000 639.000000
 375.000000 638.000000
 371.000000 638.000000
 367.000000 637.000000
 363.000000 637.000000
 359.000000 636.000000
 355.000000 635.000000
 351.000000 634.000000
 347.000000 633.000000
 342.000000 632.000000
 338.000000 631.000000
 334.000000 630.000000
 330.000000 629.000000
 326.000000 628.000000
 322.000000 626.000000
 318.000000 625.000000
 314.000000 624.000000
 311.000000 622.000000
 307.000000 620.000000
 303.000000 619.000000
 299.000000 617.000000
 295.000000 615.000000
 292.000000 613.000000
 288.000000 611.000000
 284.000000 609.000000
 280.000000 607.000000
 277.000000 605.000000
 273.000000 603.000000
 270.000000 601.000000
 266.000000 598.000000
 263.000000 596.000000
 259.000000 594.000000
 256.000000 591.000000
 253.000000 589.000000
 249.000000 586.000000
 246.000000 583.000000
 243.000000 581.000000
 240.000000 578.000000
 237.000000 575.000000
 234.000000 572.000000
 231.000000 569.000000
 228.000000 566.000000
 225.000000 563.000000
 222.000000 560.000000
 219.000000 557.000000
 217.000000 554.000000
 214.000000 551.000000
 211.000000 547.000000
 209.000000 544.000000
 206.000000 541.000000
 204.000000 537.000000
 202.000000 534.000000
 199.000000 530.000000
 197.000000 527.000000
 195.000000 523.000000
 193.000000 520.000000
 191.000000 516.000000
 189.000000 512.000000
 187.000000 508.000000
 185.000000 505.000000
 183.000000 501.000000
 181.000000 497.000000
 180.000000 493.000000
 178.000000 489.000000
 176.000000 486.000000
 175.000000 482.000000
 174.000000 478.000000
 172.000000 474.000000
 171.000000 470.000000
 170.000000 466.000000
 169.000000 462.000000
 168.000000 458.000000
 167.000000 453.000000
 166.000000 449.000000
 165.000000 445.000000
 164.000000 441.000000
 163.000000 437.000000
 163.000000 433.000000
 162.000000 429.000000
 162.000000 425.000000
 161.000000 420.000000
 161.000000 416.000000
 161.000000 412.000000
 161.000000 408.000000
 161.000000 404.000000
 160.000000 400.000000
 161.000000 396.000000
 161.000000 392.000000
 161.000000 388.000000
 161.000000 384.000000
 161.000000 380.000000
 162.000000 375.000000
 162.000000 371.000000
 163.000000 367.000000
 163.000000 363.000000
 164.000000 359.000000
 165.000000 355.000000
 166.000000 351.000000
 167.000000 347.000000
 168.000000 342.000000
 169.000000 338.000000
 170.000000 334.000000
 171.000000 330.000000
 172.000000 326.000000
 174.000000 322.000000
 175.000000 318.000000
 176.000000 314.000000
 178.000000 311.000000
 180.000000 307.000000
 181.000000 303.000000
 183.000000 299.000000
 185.000000 295.000000
 187.000000 292.000000
 189.000000 288.000000
 191.000000 284.000000
 193.000000 280.000000
 195.000000 277.000000
 197.000000 273.000000
 199.000000 270.000000
 202.000000 266.000000
 204.000000 263.000000
 206.000000 259.000000
 209.000000 256.000000
 211.000000 253.000000
 214.000000 249.000000
 217.000000 246.000000
 219.000000 243.000000
 222.000000 240.000000
 225.000000 237.000000
 228.000000 234.000000
 231.000000 231.000000
 234.000000 228.000000
 237.000000 225.000000
 240.000000 222.000000
 243.000000 219.000000
 246.000000 217.000000
 249.000000 214.000000
 253.000000 211.000000
 256.000000 209.000000
 259.000000 206.000000
 263.000000 204.000000
 266.000000 202.000000
 270.000000 199.000000
 273.000000 197.000000
 277.000000 195.000000
 280.000000 193.000000
 284.000000 191.000000
 288.000000 189.000000
 292.000000 187.000000
 295.000000 185.000000
 299.000000 183.000000
 303.000000 181.000000
 307.000000 180.000000
 311.000000 178.000000
 314.000000 176.000000
 318.000000 175.000000
 322.000000 174.000000
 326.000000 172.000000
 330.000000 171.000000
 334.000000 170.000000
 338.000000 169.000000
 342.000000 168.000000
 347.000000 167.000000
 351.000000 166.000000
 355.000000 165.000000
 359.000000 164.000000
 363.000000 163.000000
 367.000000 163.000000
 371.000000 162.000000
 375.000000 162.000000
 380.000000 161.000000
 384.000000 161.000000
 388.000000 161.000000
 392.000000 161.000000
 396.000000 161.000000
 400.000000 160.000000
 404.000000 161.000000
 408.000000 161.000000
 412.000000 161.000000
 416.000000 161.000000
 420.000000 161.000000
 425.000000 162.000000
 429.000000 162.000000
 433.000000 163.000000
 437.000000 163.000000
 441.000000 164.000000
 445.000000 165.000000
 449.000000 166.000000
 453.000000 167.000000
 458.000000 168.000000
 462.000000 169.000000
 466.000000 170.000000
 470.000000 171.000000
 474.000000 172.000000
 478.000000 174.000000
 482.000000 175.000000
 486.000000 176.000000
 489.000000 178.000000
 493.000000 180.000000
 497.000000 181.000000
 501.000000 183.000000
 505.000000 185.000000
 508.000000 187.000000
 512.000000 189.000000
 516.000000 191.000000
 520.000000 193.000000
 523.000000 195.000000
 527.000000 197.000000
 530.000000 199.000000
 534.000000 202.000000
 537.000000 204.000000
 541.000000 206.000000
 544.000000 209.000000
 547.000000 211.000000
 551.000000 214.000000
 554.000000 217.000000
 557.000000 219.000000
 560.000000 222.000000
 563.000000 225.000000
 566.000000 228.000000
 569.000000 231.000000
 572.000000 234.000000
 575.000000 237.000000
 578.000000 240.000000
 581.000000 243.000000
 583.000000 246.000000
 586.000000 249.000000
 589.000000 253.000000
 591.000000 256.000000
 594.000000 259.000000
 596.000000 263.000000
 598.000000 266.000000
 601.000000 270.000000
 603.000000 273.000000
 605.000000 277.000000
 607.000000 280.000000
 609.000000 284.000000
 611.000000 288.000000
 613.000000 292.000000
 615.000000 295.000000
 617.000000 299.000000
 619.000000 303.000000
 620.000000 307.000000
 622.000000 311.000000
 624.000000 314.000000
 625.000000 318.000000
 626.000000 322.000000
 628.000000 326.000000
 629.000000 330.000000
 630.000000 334.000000
 631.000000 338.000000
 632.000000 342.000000
 633.000000 347.000000
 634.000000 351.000000
 635.000000 355.000000
 636.000000 359.000000
 637.000000 363.000000
 637.000000 367.000000
 638.000000 371.000000
 638.000000 375.000000
 639.000000 380.000000
 639.000000 384.000000
 639.000000 388.000000
 639.000000 392.000000
 639.000000 396.000000
