5.000000 0.000000
4.999238 0.087262
4.996954 0.174497
4.993148 0.261680
4.987820 0.348782
4.980973 0.435779
4.972609 0.522642
4.962731 0.609347
4.951340 0.695866
4.938442 0.782172
4.924039 0.868241
4.908136 0.954045
4.890738 1.039558
4.871850 1.124755
4.851479 1.209609
4.829629 1.294095
4.806308 1.378187
4.781524 1.461859
4.755283 1.545085
4.727593 1.627841
4.698463 1.710101
4.667902 1.791840
4.635919 1.873033
4.602524 1.953656
4.567727 2.033683
4.531539 2.113091
4.493970 2.191856
4.455033 2.269952
4.414738 2.347358
4.373099 2.424048
4.330127 2.500000
4.285837 2.575190
4.240240 2.649596
4.193353 2.723195
4.145188 2.795965
4.095760 2.867882
4.045085 2.938926
3.993178 3.009075
3.940054 3.078307
3.885730 3.146602
3.830222 3.213938
3.773548 3.280295
3.715724 3.345653
3.656769 3.409992
3.596699 3.473292
3.535534 3.535534
3.473292 3.596699
3.409992 3.656769
3.345653 3.715724
3.280295 3.773548
3.213938 3.830222
3.146602 3.885730
3.078307 3.940054
3.009075 3.993178
2.938926 4.045085
2.867882 4.095760
2.795965 4.145188
2.723195 4.193353
2.649596 4.240240
2.575190 4.285837
2.500000 4.330127
2.424048 4.373099
2.347358 4.414738
2.269953 4.455033
2.191856 4.493970
2.113091 4.531539
2.033683 4.567727
1.953656 4.602524
1.873033 4.635919
1.791840 4.667902
1.710101 4.698463
1.627841 4.727593
1.545085 4.755283
1.461859 4.781524
1.378187 4.806308
1.294095 4.829629
1.209609 4.851479
1.124755 4.871850
1.039558 4.890738
0.954045 4.908136
0.868241 4.924039
0.782172 4.938442
0.695866 4.951340
0.609347 4.962731
0.522642 4.972609
0.435779 4.980973
0.348782 4.987820
0.261680 4.993148
0.174497 4.996954
0.087262 4.999238
0.000000 5.000000
-0.087262 4.999238
-0.174497 4.996954
-0.261680 4.993148
-0.348782 4.987820
-0.435779 4.980973
-0.522642 4.972609
-0.609347 4.962731
-0.695865 4.951340
-0.782172 4.938442
-0.868241 4.924039
-0.954045 4.908136
-1.039558 4.890738
-1.124755 4.871850
-1.209609 4.851479
-1.294095 4.829629
-1.378187 4.806308
-1.461859 4.781524
-1.545085 4.755283
-1.627841 4.727593
-1.710101 4.698463
-1.791840 4.667902
-1.873033 4.635919
-1.953656 4.602524
-2.033683 4.567727
-2.113091 4.531539
-2.191856 4.493970
-2.269952 4.455033
-2.347358 4.414738
-2.424048 4.373099
-2.500000 4.330127
-2.575190 4.285837
-2.649596 4.240240
-2.723195 4.193353
-2.795965 4.145188
-2.867882 4.095760
-2.938926 4.045085
-3.009075 3.993178
-3.078307 3.940054
-3.146602 3.885730
-3.213938 3.830222
-3.280295 3.773548
-3.345653 3.715724
-3.409992 3.656769
-3.473292 3.596699
-3.535534 3.535534
-3.596699 3.473292
-3.656768 3.409992
-3.715724 3.345653
-3.773548 3.280295
-3.830222 3.213938
-3.885730 3.146602
-3.940054 3.078307
-3.993178 3.009075
-4.045085 2.938926
-4.095760 2.867882
-4.145188 2.795965
-4.193353 2.723195
-4.240240 2.649596
-4.285836 2.575190
-4.330127 2.500000
-4.373099 2.424048
-4.414738 2.347358
-4.455033 2.269953
-4.493970 2.191856
-4.531539 2.113091
-4.567727 2.033683
-4.602524 1.953656
-4.635919 1.873033
-4.667902 1.791840
-4.698463 1.710101
-4.727593 1.627841
-4.755283 1.545085
-4.781524 1.461859
-4.806308 1.378187
-4.829629 1.294095
-4.851479 1.209609
-4.871850 1.124755
-4.890738 1.039558
-4.908136 0.954045
-4.924039 0.868241
-4.938442 0.782172
-4.951340 0.695866
-4.962731 0.609347
-4.972609 0.522642
-4.980973 0.435779
-4.987820 0.348782
-4.993148 0.261680
-4.996954 0.174498
-4.999238 0.087262
-5.000000 0.000000
-4.999238 -0.087262
-4.996954 -0.174497
-4.993148 -0.261680
-4.987820 -0.348782
-4.980973 -0.435779
-4.972609 -0.522642
-4.962731 -0.609347
-4.951340 -0.695865
-4.938442 -0.782172
-4.924039 -0.868241
-4.908136 -0.954045
-4.890738 -1.039558
-4.871850 -1.124755
-4.851479 -1.209609
-4.829629 -1.294095
-4.806308 -1.378187
-4.781524 -1.461859
-4.755283 -1.545085
-4.727593 -1.627841
-4.698463 -1.710101
-4.667902 -1.791840
-4.635919 -1.873033
-4.602524 -1.953656
-4.567727 -2.033683
-4.531539 -2.113091
-4.493970 -2.191856
-4.455033 -2.269952
-4.414738 -2.347358
-4.373099 -2.424048
-4.330127 -2.500000
-4.285837 -2.575190
-4.240240 -2.649596
-4.193353 -2.723195
-4.145188 -2.795964
-4.095760 -2.867882
-4.045085 -2.938926
-3.993178 -3.009075
-3.940054 -3.078307
-3.885730 -3.146602
-3.830222 -3.213938
-3.773548 -3.280295
-3.715724 -3.345653
-3.656769 -3.409992
-3.596699 -3.473292
-3.535534 -3.535534
-3.473292 -3.596699
-3.409992 -3.656768
-3.345653 -3.715724
-3.280295 -3.773548
-3.213938 -3.830222
-3.146602 -3.885730
-3.078307 -3.940054
-3.009075 -3.993178
-2.938926 -4.045085
-2.867882 -4.095760
-2.795965 -4.145188
-2.723195 -4.193353
-2.649596 -4.240240
-2.575190 -4.285836
-2.500000 -4.330127
-2.424048 -4.373099
-2.347358 -4.414738
-2.269953 -4.455033
-2.191856 -4.493970
-2.113091 -4.531539
-2.033683 -4.567727
-1.953656 -4.602524
-1.873033 -4.635919
-1.791840 -4.667902
-1.710101 -4.698463
-1.627841 -4.727593
-1.545085 -4.755283
-1.461859 -4.781524
-1.378187 -4.806308
-1.294095 -4.829629
-1.209610 -4.851479
-1.124755 -4.871850
-1.039558 -4.890738
-0.954045 -4.908136
-0.868241 -4.924039
-0.782172 -4.938442
-0.695866 -4.951340
-0.609347 -4.962731
-0.522642 -4.972609
-0.435779 -4.980973
-0.348782 -4.987820
-0.261680 -4.993148
-0.174498 -4.996954
-0.087262 -4.999238
-0.000000 -5.000000
0.087262 -4.999238
0.174497 -4.996954
0.261680 -4.993148
0.348782 -4.987820
0.435779 -4.980973
0.522642 -4.972609
0.609347 -4.962731
0.695865 -4.951340
0.782172 -4.938442
0.868241 -4.924039
0.954045 -4.908136
1.039558 -4.890738
1.124755 -4.871850
1.209609 -4.851479
1.294095 -4.829629
1.378187 -4.806308
1.461858 -4.781524
1.545085 -4.755283
1.627841 -4.727593
1.710101 -4.698463
1.791840 -4.667902
1.873033 -4.635919
1.953656 -4.602524
2.033683 -4.567727
2.113091 -4.531539
2.191856 -4.493970
2.269952 -4.455033
2.347358 -4.414738
2.424048 -4.373099
2.500000 -4.330127
2.575190 -4.285837
2.649596 -4.240240
2.723195 -4.193353
2.795964 -4.145188
2.867882 -4.095760
2.938926 -4.045085
3.009075 -3.993178
3.078307 -3.940054
3.146602 -3.885730
3.213938 -3.830222
3.280295 -3.773548
3.345653 -3.715724
3.409992 -3.656769
3.473292 -3.596699
3.535534 -3.535534
3.596699 -3.473292
3.656768 -3.409992
3.715724 -3.345653
3.773548 -3.280295
3.830222 -3.213938
3.885730 -3.146602
3.940054 -3.078307
3.993178 -3.009075
4.045085 -2.938926
4.095760 -2.867882
4.145188 -2.795965
4.193353 -2.723195
4.240240 -2.649596
4.285836 -2.575190
4.330127 -2.500000
4.373099 -2.424048
4.414738 -2.347358
4.455033 -2.269953
4.493970 -2.191856
4.531539 -2.113091
4.567727 -2.033683
4.602524 -1.953656
4.635919 -1.873033
4.667902 -1.791840
4.698463 -1.710101
4.727593 -1.627841
4.755283 -1.545085
4.781524 -1.461859
4.806308 -1.378187
4.829629 -1.294095
4.851479 -1.209610
4.871850 -1.124755
4.890738 -1.039558
4.908136 -0.954045
4.924039 -0.868241
4.938442 -0.782172
4.951340 -0.695866
4.962731 -0.609347
4.972609 -0.522642
4.980973 -0.435779
4.987820 -0.348782
4.993148 -0.261680
4.996954 -0.174498
4.999238 -0.087262
5.000000 -0.000000
