 0.000000 30.000000
 0.000000 60.000000
 90.000000 60.000000
 90.000000 30.000000
 -111111.000000 -111111.000000
 0.000000 90.000000
 0.000000 120.000000
 90.000000 120.000000
 90.000000 90.000000
 -111111.000000 -111111.000000
 0.000000 150.000000
 0.000000 180.000000
 90.000000 180.000000
 90.000000 150.000000
 -111111.000000 -111111.000000
 60.000000 60.000000
 60.000000 90.000000
 90.000000 90.000000
 90.000000 60.000000
 -111111.000000 -111111.000000
 0.000000 120.000000
 0.000000 150.000000
 30.000000 150.000000
 30.000000 120.000000
 -111111.000000 -111111.000000
 30.000000 15.000000
 30.000000 30.000000
 60.000000 30.000000
 60.000000 15.000000
 -111111.000000 -111111.000000
 30.000000 180.000000
 30.000000 195.000000
 60.000000 195.000000
 60.000000 180.000000
 -111111.000000 -111111.000000
