3.000000 0.000000
2.999543 0.069810
2.998172 0.139598
2.995889 0.209344
2.992692 0.279026
2.988584 0.348623
2.983566 0.418114
2.977638 0.487477
2.970804 0.556692
2.963065 0.625738
2.954423 0.694593
2.944882 0.763236
2.934443 0.831647
2.923110 0.899804
2.910887 0.967688
2.897777 1.035276
2.883785 1.102549
2.868914 1.169487
2.853170 1.236068
2.836556 1.302273
2.819078 1.368081
2.800741 1.433472
2.781552 1.498426
2.761515 1.562925
2.740636 1.626947
2.718923 1.690473
2.696382 1.753485
2.673020 1.815962
2.648843 1.877886
2.623859 1.939238
2.598076 2.000000
2.571502 2.060152
2.544144 2.119677
2.516012 2.178556
2.487113 2.236772
2.457456 2.294306
2.427051 2.351141
2.395907 2.407260
2.364032 2.462646
2.331438 2.517282
2.298133 2.571150
2.264129 2.624236
2.229434 2.676522
2.194061 2.727993
2.158019 2.778633
2.121320 2.828427
2.083975 2.877359
2.045995 2.925415
2.007392 2.972579
1.968177 3.018838
1.928363 3.064178
1.887961 3.108584
1.846984 3.152043
1.805445 3.194542
1.763356 3.236068
1.720729 3.276608
1.677579 3.316150
1.633917 3.354682
1.589758 3.392192
1.545114 3.428669
1.500000 3.464102
1.454429 3.498479
1.408415 3.531790
1.361972 3.564026
1.315113 3.595176
1.267855 3.625231
1.220210 3.654182
1.172193 3.682019
1.123820 3.708735
1.075104 3.734322
1.026060 3.758770
0.976704 3.782074
0.927051 3.804226
0.877115 3.825219
0.826912 3.845047
0.776457 3.863703
0.725766 3.881183
0.674853 3.897480
0.623735 3.912590
0.572427 3.926509
0.520945 3.939231
0.469303 3.950753
0.417519 3.961072
0.365608 3.970185
0.313585 3.978088
0.261467 3.984779
0.209269 3.990256
0.157008 3.994518
0.104698 3.997563
0.052357 3.999391
0.000000 4.000000
-0.052357 3.999391
-0.104698 3.997563
-0.157008 3.994518
-0.209269 3.990256
-0.261467 3.984779
-0.313585 3.978088
-0.365608 3.970185
-0.417519 3.961072
-0.469303 3.950753
-0.520945 3.939231
-0.572427 3.926509
-0.623735 3.912590
-0.674853 3.897480
-0.725766 3.881183
-0.776457 3.863703
-0.826912 3.845047
-0.877115 3.825219
-0.927051 3.804226
-0.976704 3.782074
-1.026060 3.758770
-1.075104 3.734322
-1.123820 3.708735
-1.172193 3.682019
-1.220210 3.654182
-1.267855 3.625231
-1.315113 3.595176
-1.361971 3.564026
-1.408415 3.531790
-1.454429 3.498479
-1.500000 3.464102
-1.545114 3.428669
-1.589758 3.392192
-1.633917 3.354682
-1.677579 3.316150
-1.720729 3.276608
-1.763356 3.236068
-1.805445 3.194542
-1.846984 3.152043
-1.887961 3.108584
-1.928363 3.064178
-1.968177 3.018838
-2.007392 2.972579
-2.045995 2.925415
-2.083975 2.877359
-2.121320 2.828427
-2.158019 2.778633
-2.194061 2.727993
-2.229434 2.676522
-2.264129 2.624236
-2.298133 2.571150
-2.331438 2.517282
-2.364032 2.462646
-2.395907 2.407260
-2.427051 2.351141
-2.457456 2.294306
-2.487113 2.236772
-2.516012 2.178556
-2.544144 2.119677
-2.571502 2.060152
-2.598076 2.000000
-2.623859 1.939238
-2.648843 1.877886
-2.673020 1.815962
-2.696382 1.753485
-2.718923 1.690473
-2.740636 1.626947
-2.761515 1.562925
-2.781552 1.498426
-2.800741 1.433472
-2.819078 1.368081
-2.836556 1.302273
-2.853170 1.236068
-2.868914 1.169487
-2.883785 1.102549
-2.897777 1.035276
-2.910887 0.967688
-2.923110 0.899804
-2.934443 0.831647
-2.944882 0.763236
-2.954423 0.694593
-2.963065 0.625738
-2.970804 0.556692
-2.977638 0.487477
-2.983566 0.418114
-2.988584 0.348623
-2.992692 0.279026
-2.995889 0.209344
-2.998172 0.139598
-2.999543 0.069810
-3.000000 0.000000
-2.999543 -0.069810
-2.998172 -0.139598
-2.995889 -0.209344
-2.992692 -0.279026
-2.988584 -0.348623
-2.983566 -0.418114
-2.977638 -0.487477
-2.970804 -0.556692
-2.963065 -0.625738
-2.954423 -0.694593
-2.944882 -0.763236
-2.934443 -0.831647
-2.923110 -0.899804
-2.910887 -0.967688
-2.897777 -1.035276
-2.883785 -1.102549
-2.868914 -1.169487
-2.853170 -1.236068
-2.836556 -1.302273
-2.819078 -1.368081
-2.800741 -1.433472
-2.781552 -1.498426
-2.761515 -1.562924
-2.740636 -1.626947
-2.718923 -1.690473
-2.696382 -1.753485
-2.673020 -1.815962
-2.648843 -1.877886
-2.623859 -1.939238
-2.598076 -2.000000
-2.571502 -2.060152
-2.544144 -2.119677
-2.516012 -2.178556
-2.487113 -2.236772
-2.457456 -2.294306
-2.427051 -2.351141
-2.395907 -2.407260
-2.364032 -2.462646
-2.331438 -2.517282
-2.298133 -2.571150
-2.264129 -2.624236
-2.229434 -2.676522
-2.194061 -2.727993
-2.158019 -2.778633
-2.121320 -2.828427
-2.083975 -2.877359
-2.045995 -2.925415
-2.007392 -2.972579
-1.968177 -3.018838
-1.928363 -3.064178
-1.887961 -3.108584
-1.846984 -3.152043
-1.805445 -3.194542
-1.763356 -3.236068
-1.720729 -3.276608
-1.677579 -3.316150
-1.633917 -3.354682
-1.589758 -3.392192
-1.545114 -3.428669
-1.500000 -3.464102
-1.454429 -3.498479
-1.408415 -3.531790
-1.361972 -3.564026
-1.315113 -3.595176
-1.267855 -3.625231
-1.220210 -3.654182
-1.172193 -3.682019
-1.123820 -3.708735
-1.075104 -3.734322
-1.026060 -3.758770
-0.976704 -3.782074
-0.927051 -3.804226
-0.877115 -3.825219
-0.826912 -3.845047
-0.776457 -3.863703
-0.725766 -3.881183
-0.674853 -3.897480
-0.623735 -3.912590
-0.572427 -3.926509
-0.520945 -3.939231
-0.469303 -3.950753
-0.417519 -3.961072
-0.365608 -3.970185
-0.313585 -3.978088
-0.261467 -3.984779
-0.209269 -3.990256
-0.157008 -3.994518
-0.104699 -3.997563
-0.052357 -3.999391
-0.000000 -4.000000
0.052357 -3.999391
0.104698 -3.997563
0.157008 -3.994518
0.209269 -3.990256
0.261467 -3.984779
0.313585 -3.978088
0.365608 -3.970185
0.417519 -3.961072
0.469303 -3.950753
0.520945 -3.939231
0.572427 -3.926509
0.623735 -3.912590
0.674853 -3.897480
0.725766 -3.881183
0.776457 -3.863703
0.826912 -3.845047
0.877115 -3.825219
0.927051 -3.804226
0.976704 -3.782074
1.026060 -3.758770
1.075104 -3.734322
1.123820 -3.708735
1.172193 -3.682019
1.220210 -3.654182
1.267855 -3.625231
1.315113 -3.595176
1.361971 -3.564026
1.408415 -3.531790
1.454429 -3.498479
1.500000 -3.464102
1.545114 -3.428669
1.589758 -3.392192
1.633917 -3.354682
1.677579 -3.316150
1.720729 -3.276608
1.763356 -3.236068
1.805445 -3.194542
1.846984 -3.152043
1.887961 -3.108584
1.928363 -3.064178
1.968177 -3.018838
2.007392 -2.972579
2.045995 -2.925415
2.083975 -2.877359
2.121320 -2.828427
2.158019 -2.778633
2.194061 -2.727993
2.229434 -2.676522
2.264129 -2.624236
2.298133 -2.571150
2.331438 -2.517282
2.364032 -2.462646
2.395907 -2.407260
2.427051 -2.351141
2.457456 -2.294306
2.487113 -2.236772
2.516012 -2.178556
2.544144 -2.119677
2.571502 -2.060152
2.598076 -2.000000
2.623859 -1.939239
2.648843 -1.877886
2.673020 -1.815962
2.696382 -1.753485
2.718923 -1.690473
2.740636 -1.626947
2.761515 -1.562925
2.781552 -1.498426
2.800741 -1.433472
2.819078 -1.368081
2.836556 -1.302273
2.853170 -1.236068
2.868914 -1.169487
2.883785 -1.102549
2.897777 -1.035276
2.910887 -0.967688
2.923110 -0.899804
2.934443 -0.831647
2.944882 -0.763236
2.954423 -0.694593
2.963065 -0.625738
2.970804 -0.556692
2.977638 -0.487477
2.983566 -0.418114
2.988584 -0.348623
2.992692 -0.279026
2.995889 -0.209344
2.998172 -0.139598
2.999543 -0.069810
