 520.000000 400.000000
 519.000000 402.000000
 519.000000 404.000000
 519.000000 406.000000
 519.000000 408.000000
 519.000000 410.000000
 519.000000 412.000000
 519.000000 414.000000
 518.000000 416.000000
 518.000000 418.000000
 518.000000 420.000000
 517.000000 422.000000
 517.000000 424.000000
 516.000000 426.000000
 516.000000 429.000000
 515.000000 431.000000
 515.000000 433.000000
 514.000000 435.000000
 514.000000 437.000000
 513.000000 439.000000
 512.000000 441.000000
 512.000000 443.000000
 511.000000 444.000000
 510.000000 446.000000
 509.000000 448.000000
 508.000000 450.000000
 507.000000 452.000000
 506.000000 454.000000
 505.000000 456.000000
 504.000000 458.000000
 503.000000 460.000000
 502.000000 461.000000
 501.000000 463.000000
 500.000000 465.000000
 499.000000 467.000000
 498.000000 468.000000
 497.000000 470.000000
 495.000000 472.000000
 494.000000 473.000000
 493.000000 475.000000
 491.000000 477.000000
 490.000000 478.000000
 489.000000 480.000000
 487.000000 481.000000
 486.000000 483.000000
 484.000000 484.000000
 483.000000 486.000000
 481.000000 487.000000
 480.000000 489.000000
 478.000000 490.000000
 477.000000 491.000000
 475.000000 493.000000
 473.000000 494.000000
 472.000000 495.000000
 470.000000 497.000000
 468.000000 498.000000
 467.000000 499.000000
 465.000000 500.000000
 463.000000 501.000000
 461.000000 502.000000
 460.000000 503.000000
 458.000000 504.000000
 456.000000 505.000000
 454.000000 506.000000
 452.000000 507.000000
 450.000000 508.000000
 448.000000 509.000000
 446.000000 510.000000
 444.000000 511.000000
 443.000000 512.000000
 441.000000 512.000000
 439.000000 513.000000
 437.000000 514.000000
 435.000000 514.000000
 433.000000 515.000000
 431.000000 515.000000
 429.000000 516.000000
 426.000000 516.000000
 424.000000 517.000000
 422.000000 517.000000
 420.000000 518.000000
 418.000000 518.000000
 416.000000 518.000000
 414.000000 519.000000
 412.000000 519.000000
 410.000000 519.000000
 408.000000 519.000000
 406.000000 519.000000
 404.000000 519.000000
 402.000000 519.000000
 400.000000 520.000000
 398.000000 519.000000
 396.000000 519.000000
 394.000000 519.000000
 392.000000 519.000000
 390.000000 519.000000
 388.000000 519.000000
 386.000000 519.000000
 384.000000 518.000000
 382.000000 518.000000
 380.000000 518.000000
 378.000000 517.000000
 376.000000 517.000000
 374.000000 516.000000
 371.000000 516.000000
 369.000000 515.000000
 367.000000 515.000000
 365.000000 514.000000
 363.000000 514.000000
 361.000000 513.000000
 359.000000 512.000000
 357.000000 512.000000
 356.000000 511.000000
 354.000000 510.000000
 352.000000 509.000000
 350.000000 508.000000
 348.000000 507.000000
 346.000000 506.000000
 344.000000 505.000000
 342.000000 504.000000
 340.000000 503.000000
 339.000000 502.000000
 337.000000 501.000000
 335.000000 500.000000
 333.000000 499.000000
 332.000000 498.000000
 330.000000 497.000000
 328.000000 495.000000
 327.000000 494.000000
 325.000000 493.000000
 323.000000 491.000000
 322.000000 490.000000
 320.000000 489.000000
 319.000000 487.000000
 317.000000 486.000000
 316.000000 484.000000
 314.000000 483.000000
 313.000000 481.000000
 311.000000 480.000000
 310.000000 478.000000
 309.000000 477.000000
 307.000000 475.000000
 306.000000 473.000000
 305.000000 472.000000
 303.000000 470.000000
 302.000000 468.000000
 301.000000 467.000000
 300.000000 465.000000
 299.000000 463.000000
 298.000000 461.000000
 297.000000 460.000000
 296.000000 458.000000
 295.000000 456.000000
 294.000000 454.000000
 293.000000 452.000000
 292.000000 450.000000
 291.000000 448.000000
 290.000000 446.000000
 289.000000 444.000000
 288.000000 443.000000
 288.000000 441.000000
 287.000000 439.000000
 286.000000 437.000000
 286.000000 435.000000
 285.000000 433.000000
 285.000000 431.000000
 284.000000 429.000000
 284.000000 426.000000
 283.000000 424.000000
 283.000000 422.000000
 282.000000 420.000000
 282.000000 418.000000
 282.000000 416.000000
 281.000000 414.000000
 281.000000 412.000000
 281.000000 410.000000
 281.000000 408.000000
 281.000000 406.000000
 281.000000 404.000000
 281.000000 402.000000
 280.000000 400.000000
 281.000000 398.000000
 281.000000 396.000000
 281.000000 394.000000
 281.000000 392.000000
 281.000000 390.000000
 281.000000 388.000000
 281.000000 386.000000
 282.000000 384.000000
 282.000000 382.000000
 282.000000 380.000000
 283.000000 378.000000
 283.000000 376.000000
 284.000000 374.000000
 284.000000 371.000000
 285.000000 369.000000
 285.000000 367.000000
 286.000000 365.000000
 286.000000 363.000000
 287.000000 361.000000
 288.000000 359.000000
 288.000000 357.000000
 289.000000 356.000000
 290.000000 354.000000
 291.000000 352.000000
 292.000000 350.000000
 293.000000 348.000000
 294.000000 346.000000
 295.000000 344.000000
 296.000000 342.000000
 297.000000 340.000000
 298.000000 339.000000
 299.000000 337.000000
 300.000000 335.000000
 301.000000 333.000000
 302.000000 332.000000
 303.000000 330.000000
 305.000000 328.000000
 306.000000 327.000000
 307.000000 325.000000
 309.000000 323.000000
 310.000000 322.000000
 311.000000 320.000000
 313.000000 319.000000
 314.000000 317.000000
 316.000000 316.000000
 317.000000 314.000000
 319.000000 313.000000
 320.000000 311.000000
 322.000000 310.000000
 323.000000 309.000000
 325.000000 307.000000
 327.000000 306.000000
 328.000000 305.000000
 330.000000 303.000000
 332.000000 302.000000
 333.000000 301.000000
 335.000000 300.000000
 337.000000 299.000000
 339.000000 298.000000
 340.000000 297.000000
 342.000000 296.000000
 344.000000 295.000000
 346.000000 294.000000
 348.000000 293.000000
 350.000000 292.000000
 352.000000 291.000000
 354.000000 290.000000
 356.000000 289.000000
 357.000000 288.000000
 359.000000 288.000000
 361.000000 287.000000
 363.000000 286.000000
 365.000000 286.000000
 367.000000 285.000000
 369.000000 285.000000
 371.000000 284.000000
 374.000000 284.000000
 376.000000 283.000000
 378.000000 283.000000
 380.000000 282.000000
 382.000000 282.000000
 384.000000 282.000000
 386.000000 281.000000
 388.000000 281.000000
 390.000000 281.000000
 392.000000 281.000000
 394.000000 281.000000
 396.000000 281.000000
 398.000000 281.000000
 400.000000 280.000000
 402.000000 281.000000
 404.000000 281.000000
 406.000000 281.000000
 408.000000 281.000000
 410.000000 281.000000
 412.000000 281.000000
 414.000000 281.000000
 416.000000 282.000000
 418.000000 282.000000
 420.000000 282.000000
 422.000000 283.000000
 424.000000 283.000000
 426.000000 284.000000
 429.000000 284.000000
 431.000000 285.000000
 433.000000 285.000000
 435.000000 286.000000
 437.000000 286.000000
 439.000000 287.000000
 441.000000 288.000000
 443.000000 288.000000
 444.000000 289.000000
 446.000000 290.000000
 448.000000 291.000000
 450.000000 292.000000
 452.000000 293.000000
 454.000000 294.000000
 456.000000 295.000000
 458.000000 296.000000
 460.000000 297.000000
 461.000000 298.000000
 463.000000 299.000000
 465.000000 300.000000
 467.000000 301.000000
 468.000000 302.000000
 470.000000 303.000000
 472.000000 305.000000
 473.000000 306.000000
 475.000000 307.000000
 477.000000 309.000000
 478.000000 310.000000
 480.000000 311.000000
 481.000000 313.000000
 483.000000 314.000000
 484.000000 316.000000
 486.000000 317.000000
 487.000000 319.000000
 489.000000 320.000000
 490.000000 322.000000
 491.000000 323.000000
 493.000000 325.000000
 494.000000 327.000000
 495.000000 328.000000
 497.000000 330.000000
 498.000000 332.000000
 499.000000 333.000000
 500.000000 335.000000
 501.000000 337.000000
 502.000000 339.000000
 503.000000 340.000000
 504.000000 342.000000
 505.000000 344.000000
 506.000000 346.000000
 507.000000 348.000000
 508.000000 350.000000
 509.000000 352.000000
 510.000000 354.000000
 511.000000 356.000000
 512.000000 357.000000
 512.000000 359.000000
 513.000000 361.000000
 514.000000 363.000000
 514.000000 365.000000
 515.000000 367.000000
 515.000000 369.000000
 516.000000 371.000000
 516.000000 374.000000
 517.000000 376.000000
 517.000000 378.000000
 518.000000 380.000000
 518.000000 382.000000
 518.000000 384.000000
 519.000000 386.000000
 519.000000 388.000000
 519.000000 390.000000
 519.000000 392.000000
 519.000000 394.000000
 519.000000 396.000000
 519.000000 398.000000
 -111111.000000 -111111.000000
 400.000000 400.000000
 400.000000 600.000000
 600.000000 600.000000
 600.000000 400.000000
 -111111.000000 -111111.000000
 420.000000 480.000000
 440.000000 500.000000
 460.000000 520.000000
 480.000000 520.000000
 500.000000 520.000000
 520.000000 520.000000
 540.000000 500.000000
 560.000000 480.000000
 560.000000 460.000000
 560.000000 440.000000
 560.000000 420.000000
 540.000000 420.000000
 520.000000 420.000000
 520.000000 440.000000
 520.000000 460.000000
 520.000000 480.000000
 500.000000 500.000000
 480.000000 500.000000
 460.000000 480.000000
 -111111.000000 -111111.000000
 40.000000 160.000000
 80.000000 200.000000
 120.000000 240.000000
 160.000000 240.000000
 200.000000 240.000000
 240.000000 240.000000
 280.000000 200.000000
 320.000000 160.000000
 320.000000 120.000000
 320.000000 80.000000
 320.000000 40.000000
 280.000000 40.000000
 240.000000 40.000000
 240.000000 80.000000
 240.000000 120.000000
 240.000000 160.000000
 200.000000 200.000000
 160.000000 200.000000
 120.000000 160.000000
 -111111.000000 -111111.000000
