 0.000000 80.000000
 0.000000 100.000000
 80.000000 100.000000
 80.000000 80.000000
 -111111.000000 -111111.000000
 0.000000 40.000000
 0.000000 60.000000
 80.000000 60.000000
 80.000000 40.000000
 -111111.000000 -111111.000000
 0.000000 0.000000
 0.000000 20.000000
 80.000000 20.000000
 80.000000 0.000000
 -111111.000000 -111111.000000
 0.000000 60.000000
 0.000000 80.000000
 20.000000 80.000000
 20.000000 60.000000
 -111111.000000 -111111.000000
 60.000000 0.000000
 60.000000 20.000000
 80.000000 20.000000
 80.000000 0.000000
 -111111.000000 -111111.000000
 32.000000 100.000000
 32.000000 116.000000
 48.000000 116.000000
 48.000000 100.000000
 -111111.000000 -111111.000000
 32.000000 -20.000000
 32.000000 -4.000000
 48.000000 -4.000000
 48.000000 -20.000000
 -111111.000000 -111111.000000
 60.000000 20.000000
 60.000000 40.000000
 80.000000 40.000000
 80.000000 20.000000
 -111111.000000 -111111.000000
