 240.000000 240.000000
 240.000000 400.000000
 360.000000 400.000000
 360.000000 240.000000
 -111111.000000 -111111.000000
 240.000000 240.000000
 213.000000 397.000000
 330.000000 417.000000
 358.000000 260.000000
 -111111.000000 -111111.000000
 240.000000 240.000000
 186.000000 390.000000
 297.000000 431.000000
 352.000000 281.000000
 -111111.000000 -111111.000000
 240.000000 240.000000
 160.000000 378.000000
 263.000000 438.000000
 343.000000 300.000000
 -111111.000000 -111111.000000
 240.000000 240.000000
 138.000000 362.000000
 229.000000 439.000000
 331.000000 317.000000
 -111111.000000 -111111.000000
 240.000000 240.000000
 118.000000 342.000000
 195.000000 433.000000
 317.000000 331.000000
 -111111.000000 -111111.000000
 240.000000 240.000000
 102.000000 320.000000
 162.000000 423.000000
 300.000000 343.000000
 -111111.000000 -111111.000000
 240.000000 240.000000
 90.000000 294.000000
 131.000000 406.000000
 281.000000 352.000000
 -111111.000000 -111111.000000
 240.000000 240.000000
 83.000000 267.000000
 103.000000 385.000000
 260.000000 358.000000
 -111111.000000 -111111.000000
 240.000000 240.000000
 80.000000 240.000000
 80.000000 360.000000
 240.000000 360.000000
 -111111.000000 -111111.000000
 240.000000 240.000000
 83.000000 213.000000
 63.000000 330.000000
 220.000000 358.000000
 -111111.000000 -111111.000000
 240.000000 240.000000
 90.000000 186.000000
 49.000000 297.000000
 199.000000 352.000000
 -111111.000000 -111111.000000
 240.000000 240.000000
 102.000000 160.000000
 42.000000 263.000000
 180.000000 343.000000
 -111111.000000 -111111.000000
 240.000000 240.000000
 118.000000 138.000000
 41.000000 229.000000
 163.000000 331.000000
 -111111.000000 -111111.000000
 240.000000 240.000000
 138.000000 118.000000
 47.000000 195.000000
 149.000000 317.000000
 -111111.000000 -111111.000000
 240.000000 240.000000
 160.000000 102.000000
 57.000000 162.000000
 137.000000 300.000000
 -111111.000000 -111111.000000
 240.000000 240.000000
 186.000000 90.000000
 74.000000 131.000000
 128.000000 281.000000
 -111111.000000 -111111.000000
 240.000000 240.000000
 213.000000 83.000000
 95.000000 103.000000
 122.000000 260.000000
 -111111.000000 -111111.000000
 240.000000 240.000000
 240.000000 80.000000
 120.000000 80.000000
 120.000000 240.000000
 -111111.000000 -111111.000000
 240.000000 240.000000
 267.000000 83.000000
 150.000000 63.000000
 122.000000 220.000000
 -111111.000000 -111111.000000
 240.000000 240.000000
 294.000000 90.000000
 183.000000 49.000000
 128.000000 199.000000
 -111111.000000 -111111.000000
 240.000000 240.000000
 320.000000 102.000000
 217.000000 42.000000
 137.000000 180.000000
 -111111.000000 -111111.000000
 240.000000 240.000000
 342.000000 118.000000
 251.000000 41.000000
 149.000000 163.000000
 -111111.000000 -111111.000000
 240.000000 240.000000
 362.000000 138.000000
 285.000000 47.000000
 163.000000 149.000000
 -111111.000000 -111111.000000
 240.000000 240.000000
 378.000000 160.000000
 318.000000 57.000000
 180.000000 137.000000
 -111111.000000 -111111.000000
 240.000000 240.000000
 390.000000 186.000000
 349.000000 74.000000
 199.000000 128.000000
 -111111.000000 -111111.000000
 240.000000 240.000000
 397.000000 213.000000
 377.000000 95.000000
 220.000000 122.000000
 -111111.000000 -111111.000000
 240.000000 240.000000
 400.000000 240.000000
 400.000000 120.000000
 240.000000 120.000000
 -111111.000000 -111111.000000
 240.000000 240.000000
 397.000000 267.000000
 417.000000 150.000000
 260.000000 122.000000
 -111111.000000 -111111.000000
 240.000000 240.000000
 390.000000 294.000000
 431.000000 183.000000
 281.000000 128.000000
 -111111.000000 -111111.000000
 240.000000 240.000000
 378.000000 320.000000
 438.000000 217.000000
 300.000000 137.000000
 -111111.000000 -111111.000000
 240.000000 240.000000
 362.000000 342.000000
 439.000000 251.000000
 317.000000 149.000000
 -111111.000000 -111111.000000
 240.000000 240.000000
 342.000000 362.000000
 433.000000 285.000000
 331.000000 163.000000
 -111111.000000 -111111.000000
 240.000000 240.000000
 320.000000 378.000000
 423.000000 318.000000
 343.000000 180.000000
 -111111.000000 -111111.000000
 240.000000 240.000000
 294.000000 390.000000
 406.000000 349.000000
 352.000000 199.000000
 -111111.000000 -111111.000000
 240.000000 240.000000
 267.000000 397.000000
 385.000000 377.000000
 358.000000 220.000000
 -111111.000000 -111111.000000
 240.000000 240.000000
 240.000000 400.000000
 360.000000 400.000000
 360.000000 240.000000
 -111111.000000 -111111.000000
