40.000000 0.000000
 40.000000 240.000000
 160.000000 240.000000
 160.000000 0.000000
 -111111.000000 -111111.000000

 56.000000 40.000000
 56.000000 56.000000
 144.000000 56.000000
 144.000000 40.000000
 -111111.000000 -111111.000000
 56.000000 64.000000
 56.000000 80.000000
 144.000000 80.000000
 144.000000 64.000000
 -111111.000000 -111111.000000
 56.000000 88.000000
 56.000000 104.000000
 144.000000 104.000000
 144.000000 88.000000
 -111111.000000 -111111.000000
 56.000000 112.000000
 56.000000 128.000000
 144.000000 128.000000
 144.000000 112.000000
 -111111.000000 -111111.000000
 56.000000 136.000000
 56.000000 152.000000
 144.000000 152.000000
 144.000000 136.000000
 -111111.000000 -111111.000000
 56.000000 160.000000
 56.000000 176.000000
 144.000000 176.000000
 144.000000 160.000000
 -111111.000000 -111111.000000
 56.000000 184.000000
 56.000000 200.000000
 144.000000 200.000000
 144.000000 184.000000
 -111111.000000 -111111.000000
 56.000000 208.000000
 56.000000 224.000000
 144.000000 224.000000
 144.000000 208.000000
 -111111.000000 -111111.000000
