 309.000000 -82.000000
 310.000000 -77.000000
 311.000000 -71.000000
 313.000000 -66.000000
 314.000000 -61.000000
 315.000000 -55.000000
 316.000000 -50.000000
 316.000000 -44.000000
 317.000000 -38.000000
 318.000000 -33.000000
 318.000000 -27.000000
 319.000000 -22.000000
 319.000000 -16.000000
 319.000000 -11.000000
 319.000000 -5.000000
 320.000000 0.000000
 319.000000 5.000000
 319.000000 11.000000
 319.000000 16.000000
 319.000000 22.000000
 318.000000 27.000000
 318.000000 33.000000
 317.000000 38.000000
 316.000000 44.000000
 316.000000 50.000000
 315.000000 55.000000
 314.000000 61.000000
 313.000000 66.000000
 311.000000 71.000000
 310.000000 77.000000
 309.000000 82.000000
 309.000000 82.000000
 0 0
 -111111.000000 -111111.000000
