 0.000000 168.000000
 -43.000000 211.000000
 0.000000 254.000000
 42.000000 211.000000
 -111111.000000 -111111.000000
 200.000000 0.000000
 199.000000 3.000000
 199.000000 6.000000
 199.000000 10.000000
 199.000000 13.000000
 199.000000 17.000000
 198.000000 20.000000
 198.000000 24.000000
 198.000000 27.000000
 197.000000 31.000000
 196.000000 34.000000
 196.000000 38.000000
 195.000000 41.000000
 194.000000 44.000000
 194.000000 48.000000
 193.000000 51.000000
 192.000000 55.000000
 191.000000 58.000000
 190.000000 61.000000
 189.000000 65.000000
 187.000000 68.000000
 186.000000 71.000000
 185.000000 74.000000
 184.000000 78.000000
 182.000000 81.000000
 181.000000 84.000000
 179.000000 87.000000
 178.000000 90.000000
 176.000000 93.000000
 174.000000 96.000000
 173.000000 100.000000
 171.000000 103.000000
 169.000000 105.000000
 167.000000 108.000000
 165.000000 111.000000
 163.000000 114.000000
 161.000000 117.000000
 159.000000 120.000000
 157.000000 123.000000
 155.000000 125.000000
 153.000000 128.000000
 150.000000 131.000000
 148.000000 133.000000
 146.000000 136.000000
 143.000000 138.000000
 141.000000 141.000000
 138.000000 143.000000
 136.000000 146.000000
 133.000000 148.000000
 131.000000 150.000000
 128.000000 153.000000
 125.000000 155.000000
 123.000000 157.000000
 120.000000 159.000000
 117.000000 161.000000
 114.000000 163.000000
 111.000000 165.000000
 108.000000 167.000000
 105.000000 169.000000
 103.000000 171.000000
 100.000000 173.000000
 96.000000 174.000000
 93.000000 176.000000
 90.000000 178.000000
 87.000000 179.000000
 84.000000 181.000000
 81.000000 182.000000
 78.000000 184.000000
 74.000000 185.000000
 71.000000 186.000000
 68.000000 187.000000
 65.000000 189.000000
 61.000000 190.000000
 58.000000 191.000000
 55.000000 192.000000
 51.000000 193.000000
 48.000000 194.000000
 44.000000 194.000000
 41.000000 195.000000
 38.000000 196.000000
 34.000000 196.000000
 31.000000 197.000000
 27.000000 198.000000
 24.000000 198.000000
 20.000000 198.000000
 17.000000 199.000000
 13.000000 199.000000
 10.000000 199.000000
 6.000000 199.000000
 3.000000 199.000000
 0.000000 200.000000
 -3.000000 199.000000
 -6.000000 199.000000
 -10.000000 199.000000
 -13.000000 199.000000
 -17.000000 199.000000
 -20.000000 198.000000
 -24.000000 198.000000
 -27.000000 198.000000
 -31.000000 197.000000
 -34.000000 196.000000
 -38.000000 196.000000
 -41.000000 195.000000
 -44.000000 194.000000
 -48.000000 194.000000
 -51.000000 193.000000
 -55.000000 192.000000
 -58.000000 191.000000
 -61.000000 190.000000
 -65.000000 189.000000
 -68.000000 187.000000
 -71.000000 186.000000
 -74.000000 185.000000
 -78.000000 184.000000
 -81.000000 182.000000
 -84.000000 181.000000
 -87.000000 179.000000
 -90.000000 178.000000
 -93.000000 176.000000
 -96.000000 174.000000
 -100.000000 173.000000
 -103.000000 171.000000
 -105.000000 169.000000
 -108.000000 167.000000
 -111.000000 165.000000
 -114.000000 163.000000
 -117.000000 161.000000
 -120.000000 159.000000
 -123.000000 157.000000
 -125.000000 155.000000
 -128.000000 153.000000
 -131.000000 150.000000
 -133.000000 148.000000
 -136.000000 146.000000
 -138.000000 143.000000
 -141.000000 141.000000
 -143.000000 138.000000
 -146.000000 136.000000
 -148.000000 133.000000
 -150.000000 131.000000
 -153.000000 128.000000
 -155.000000 125.000000
 -157.000000 123.000000
 -159.000000 120.000000
 -161.000000 117.000000
 -163.000000 114.000000
 -165.000000 111.000000
 -167.000000 108.000000
 -169.000000 105.000000
 -171.000000 103.000000
 -173.000000 100.000000
 -174.000000 96.000000
 -176.000000 93.000000
 -178.000000 90.000000
 -179.000000 87.000000
 -181.000000 84.000000
 -182.000000 81.000000
 -184.000000 78.000000
 -185.000000 74.000000
 -186.000000 71.000000
 -187.000000 68.000000
 -189.000000 65.000000
 -190.000000 61.000000
 -191.000000 58.000000
 -192.000000 55.000000
 -193.000000 51.000000
 -194.000000 48.000000
 -194.000000 44.000000
 -195.000000 41.000000
 -196.000000 38.000000
 -196.000000 34.000000
 -197.000000 31.000000
 -198.000000 27.000000
 -198.000000 24.000000
 -198.000000 20.000000
 -199.000000 17.000000
 -199.000000 13.000000
 -199.000000 10.000000
 -199.000000 6.000000
 -199.000000 3.000000
 -200.000000 0.000000
 -199.000000 -3.000000
 -199.000000 -6.000000
 -199.000000 -10.000000
 -199.000000 -13.000000
 -199.000000 -17.000000
 -198.000000 -20.000000
 -198.000000 -24.000000
 -198.000000 -27.000000
 -197.000000 -31.000000
 -196.000000 -34.000000
 -196.000000 -38.000000
 -195.000000 -41.000000
 -194.000000 -44.000000
 -194.000000 -48.000000
 -193.000000 -51.000000
 -192.000000 -55.000000
 -191.000000 -58.000000
 -190.000000 -61.000000
 -189.000000 -65.000000
 -187.000000 -68.000000
 -186.000000 -71.000000
 -185.000000 -74.000000
 -184.000000 -78.000000
 -182.000000 -81.000000
 -181.000000 -84.000000
 -179.000000 -87.000000
 -178.000000 -90.000000
 -176.000000 -93.000000
 -174.000000 -96.000000
 -173.000000 -100.000000
 -171.000000 -103.000000
 -169.000000 -105.000000
 -167.000000 -108.000000
 -165.000000 -111.000000
 -163.000000 -114.000000
 -161.000000 -117.000000
 -159.000000 -120.000000
 -157.000000 -123.000000
 -155.000000 -125.000000
 -153.000000 -128.000000
 -150.000000 -131.000000
 -148.000000 -133.000000
 -146.000000 -136.000000
 -143.000000 -138.000000
 -141.000000 -141.000000
 -138.000000 -143.000000
 -136.000000 -146.000000
 -133.000000 -148.000000
 -131.000000 -150.000000
 -128.000000 -153.000000
 -125.000000 -155.000000
 -123.000000 -157.000000
 -120.000000 -159.000000
 -117.000000 -161.000000
 -114.000000 -163.000000
 -111.000000 -165.000000
 -108.000000 -167.000000
 -105.000000 -169.000000
 -103.000000 -171.000000
 -100.000000 -173.000000
 -96.000000 -174.000000
 -93.000000 -176.000000
 -90.000000 -178.000000
 -87.000000 -179.000000
 -84.000000 -181.000000
 -81.000000 -182.000000
 -78.000000 -184.000000
 -74.000000 -185.000000
 -71.000000 -186.000000
 -68.000000 -187.000000
 -65.000000 -189.000000
 -61.000000 -190.000000
 -58.000000 -191.000000
 -55.000000 -192.000000
 -51.000000 -193.000000
 -48.000000 -194.000000
 -44.000000 -194.000000
 -41.000000 -195.000000
 -38.000000 -196.000000
 -34.000000 -196.000000
 -31.000000 -197.000000
 -27.000000 -198.000000
 -24.000000 -198.000000
 -20.000000 -198.000000
 -17.000000 -199.000000
 -13.000000 -199.000000
 -10.000000 -199.000000
 -6.000000 -199.000000
 -3.000000 -199.000000
 0.000000 -200.000000
 3.000000 -199.000000
 6.000000 -199.000000
 10.000000 -199.000000
 13.000000 -199.000000
 17.000000 -199.000000
 20.000000 -198.000000
 24.000000 -198.000000
 27.000000 -198.000000
 31.000000 -197.000000
 34.000000 -196.000000
 38.000000 -196.000000
 41.000000 -195.000000
 44.000000 -194.000000
 48.000000 -194.000000
 51.000000 -193.000000
 55.000000 -192.000000
 58.000000 -191.000000
 61.000000 -190.000000
 65.000000 -189.000000
 68.000000 -187.000000
 71.000000 -186.000000
 74.000000 -185.000000
 78.000000 -184.000000
 81.000000 -182.000000
 84.000000 -181.000000
 87.000000 -179.000000
 90.000000 -178.000000
 93.000000 -176.000000
 96.000000 -174.000000
 100.000000 -173.000000
 103.000000 -171.000000
 105.000000 -169.000000
 108.000000 -167.000000
 111.000000 -165.000000
 114.000000 -163.000000
 117.000000 -161.000000
 120.000000 -159.000000
 123.000000 -157.000000
 125.000000 -155.000000
 128.000000 -153.000000
 131.000000 -150.000000
 133.000000 -148.000000
 136.000000 -146.000000
 138.000000 -143.000000
 141.000000 -141.000000
 143.000000 -138.000000
 146.000000 -136.000000
 148.000000 -133.000000
 150.000000 -131.000000
 153.000000 -128.000000
 155.000000 -125.000000
 157.000000 -123.000000
 159.000000 -120.000000
 161.000000 -117.000000
 163.000000 -114.000000
 165.000000 -111.000000
 167.000000 -108.000000
 169.000000 -105.000000
 171.000000 -103.000000
 173.000000 -100.000000
 174.000000 -96.000000
 176.000000 -93.000000
 178.000000 -90.000000
 179.000000 -87.000000
 181.000000 -84.000000
 182.000000 -81.000000
 184.000000 -78.000000
 185.000000 -74.000000
 186.000000 -71.000000
 187.000000 -68.000000
 189.000000 -65.000000
 190.000000 -61.000000
 191.000000 -58.000000
 192.000000 -55.000000
 193.000000 -51.000000
 194.000000 -48.000000
 194.000000 -44.000000
 195.000000 -41.000000
 196.000000 -38.000000
 196.000000 -34.000000
 197.000000 -31.000000
 198.000000 -27.000000
 198.000000 -24.000000
 198.000000 -20.000000
 199.000000 -17.000000
 199.000000 -13.000000
 199.000000 -10.000000
 199.000000 -6.000000
 199.000000 -3.000000
 200.000000 0.000000
 -111111.000000 -111111.000000
